[1,["c5dYfDkeFFarSSh1Ma7Uef@e8c23","c5dYfDkeFFarSSh1Ma7Uef@a62fe","c5dYfDkeFFarSSh1Ma7Uef@438fe","c5dYfDkeFFarSSh1Ma7Uef@4f17a","f6SJZOjTJB/JrJeh5xTdF7"],["_parent","node","root","data","_mesh","_skeleton","mainTexture","_effectAsset"],[["cc.Node",["_name","_prefab","_parent","_lpos","_children","_lrot","_euler","_components","_lscale"],2,4,1,5,2,5,5,9,5],["cc.Prefab",[],3],["cc.Node",["_name","_parent","_children","_prefab","_lpos","_lrot","_euler"],2,1,9,4,5,5,5],["cc.SkeletalAnimation",["node","__prefab"],3,1,4],["cc.CompPrefabInfo",["fileId"],2],["cc.PrefabInfo",["fileId","instance","targetOverrides","nestedPrefabInstanceRoots","root","asset"],-1,1,1],["cc.SkinnedMeshRenderer",["node","__prefab","_materials","bakeSettings","_skinningRoot","_mesh","_skeleton"],3,1,4,3,4,1,6,6],["cc.ModelBakeSettings",[],3],["cc.Skeleton",["_name","_hash","_joints","_bindposes"],0,12],["cc.Mesh",["_native","_hash","_struct"],1,11],["cc.Material",["_name","_states","_defines","_props"],0,12]],[[5,0,1,2,3,4,5,5],[0,0,2,4,1,3,5,6,2],[2,0,1,2,3,4,5,6,2],[0,0,2,4,1,3,5,8,6,2],[0,0,2,1,3,2],[0,0,2,1,3,5,6,2],[4,0,2],[1,1],[0,0,4,7,1,2],[0,0,4,1,3,5,6,2],[0,0,2,7,1,2],[3,0,1,1],[6,0,1,2,3,4,5,6,1],[7,1],[8,0,1,2,3,4],[9,0,1,2,3],[10,0,1,2,3,4]],[[[[7],[8,"Player5",[-3,-4],[[11,-2,[6,"6fPtLIeHNXNqVhB0ClXzLm"]]],[0,"30uDVkHBVYp6y18trLbl9j",null,null,null,-1,0]],[1,"mixamorig:Hips",1,[-5,-6,-7],[0,"e4bygoJYFS065PwTyPuHAn",null,null,null,1,0],[1,0.0362883061170578,0.7518632411956787,-0.014272555708885193],[3,-0.01675433274620195,-0.03741012845160564,-0.024442219838804746,0.998860527057114],[1,-2.0252128506813247,-4.337977516186498,-2.726885994116721]],[9,"mixamorig:Spine2",[-8,-9,-10],[0,"d1qfQsQtJTtrHTWf7l/3ib",null,null,null,1,0],[1,4.440891999238953e-18,0.11936831474304199,-1.8954560232486983e-7],[3,0.01589856152285572,-0.018579841148267582,-0.0031945606135990105,0.9996958637640228],[1,1.8148329770293548,-2.123163001293843,-0.39981110617478083]],[10,"Character_Man",1,[[12,-11,[6,"a7jFOKYhFWAYNcbMtLySYn"],[0],[13],1,1,2]],[0,"8bGeZ2HVJXi4yCzlkE7Q+a",null,null,null,1,0]],[3,"mixamorig:LeftUpLeg",2,[-12],[0,"43i2VOSblXz6lgmA5rIRbu",null,null,null,1,0],[1,0.15734100341796875,-0.04977399855852127,-0.004000000189989805],[3,0.03848444615335672,0.10858823948591019,0.99325154789688,-0.01337550933879162],[1,0.9999368786811829,0.9999995231628418,0.9999997615814209],[1,-167.48023859196803,-175.44779050825727,-1.0435613322458173]],[1,"mixamorig:LeftLeg",5,[-13],[0,"b70BW4bLRX6rjsQ5D7zpw6",null,null,null,1,0],[1,8.456277100776788e-7,0.36639639735221863,-9.881007656531438e-8],[3,-0.3077005766035736,-0.07893248704028542,0.027312884303005085,0.9478101202237261],[1,-35.5849276901203,-7.671398415261883,5.75932537466597]],[1,"mixamorig:LeftFoot",6,[-14],[0,"2cGroPF39T1rx+0OoMdLeZ",null,null,null,1,0],[1,8.68072675075382e-7,0.34785178303718567,-6.204544433785486e-7],[3,0.8273174276565667,-0.0698094153735793,0.06288494998295426,0.5538212730534662],[1,112.16122251847158,-10.461017176751906,-2.6282221967643435]],[2,"mixamorig:LeftToeBase",7,[[5,"mixamorig:LeftToe_End",-15,[0,"53Lw/3HwVVSpOQMz/F7VbR",null,null,null,1,0],[1,-1.3809639654027706e-7,0.05282822996377945,-5.6846317875169916e-8],[3,-5.267439457494266e-8,0.000043088006310426714,9.581362965232804e-7,0.9999999990712516],[1,-0.000006040771808376291,0.004937521825758975,0.00010979407179528166]]],[0,"c5FjUM71JbCYXb75OGBc9C",null,null,null,1,0],[1,9.018700666274526e-7,0.055052611976861954,-6.806151731097998e-8],[3,-0.0002944752870609369,0.00002149750396507893,-0.00911239238941781,0.9999584376998396],[1,-0.03372613488202157,0.002156196140174199,-1.044218381940669]],[3,"mixamorig:RightUpLeg",2,[-16],[0,"83MAEvXmBfjYz6Ou8uA2NE",null,null,null,1,0],[1,-0.15734100341796875,-0.04977399855852127,-0.001025000005029142],[3,-0.13136842562219184,0.08469259555408827,0.9863096261886025,0.05256255602192034],[1,0.9999377727508545,0.999999463558197,0.9999987483024597],[1,-169.54407461687157,164.39901291561355,4.670999392886462]],[1,"mixamorig:RightLeg",9,[-17],[0,"38cG+L9dtVULd/bNtDeZxm",null,null,null,1,0],[1,-7.503253414142819e-7,0.3664073944091797,4.1891578916875005e-7],[3,-0.1896785897817898,0.03446542386460008,-0.03090231044205992,0.9807544108213674],[1,-21.773267990279077,3.212169093812993,-4.225948523346121]],[3,"mixamorig:RightFoot",10,[-18],[0,"a6gxQvsFZe0Z1brKznpOTj",null,null,null,1,0],[1,-0.0000010978279760820442,0.34785735607147217,6.962490033401991e-7],[3,0.7525790530254229,0.05468394750091109,0.03518316241578574,0.6552835873997607],[1,1.000001311302185,0.9999989867210388,1.0000001192092896],[1,97.83699027240831,1.0810624878585986,7.378177477420302]],[2,"mixamorig:RightToeBase",11,[[5,"mixamorig:RightToe_End",-19,[0,"f3MEVJvAtVtbWg/NohzRwG",null,null,null,1,0],[1,-0.000001298211827815976,0.05426178500056267,6.870972697470279e-7],[3,2.290907552500064e-8,0.000006523318006517676,4.252857763640426e-7,0.9999999999786324],[1,0.000002624868771778423,0.0007475171792793626,0.00004873417726910053]]],[0,"5dCKUirKZfqYG3jVQKTw5B",null,null,null,1,0],[1,-0.0000024147934709617402,0.057769134640693665,-4.0945391788227425e-7],[3,0.00023387224756379855,0.000007234853215260437,0.00817805366580104,0.9999665317847732],[1,0.02679569367951401,0.0006099368644809687,0.9371465339683728]],[1,"mixamorig:Spine",2,[-20],[0,"c4GRXXdwZa8YgPrRUOdz8N",null,null,null,1,0],[1,0,0.0895249992609024,-0.00041299997246824205],[3,0.009220754016427522,0.00243520369976275,-0.0028599699244631137,0.9999504327967165],[1,1.0574433451933114,0.2820675407195236,-0.3251408265780793]],[1,"mixamorig:Spine1",13,[3],[0,"e122QMU5ZdG5ywpnBusLpe",null,null,null,1,0],[1,-8.881783998477905e-18,0.10444814711809158,8.817528396320995e-8],[3,0.01577823387072627,-0.018558421682718984,-0.003703836034819341,0.9996964108764193],[1,1.799980318667083,-2.119847390333426,-0.45785896598370673]],[1,"mixamorig:LeftShoulder",3,[-21],[0,"64b1amQsVcl6pJMy0Vv2tQ",null,null,null,1,0],[1,0.08789899945259094,0.10783961415290833,-0.00009229176794178784],[3,-0.5538442584828287,-0.439052629811827,0.5615233034806433,-0.43032651004685957],[1,104.12894266565858,90.92544383472801,0.17514369564660284]],[1,"mixamorig:LeftArm",15,[-22],[0,"95tTWV5zhaT66QlQtuuYMR",null,null,null,1,0],[1,5.517447903002903e-7,0.18503962457180023,-8.127735782181844e-7],[3,0.45864117317516256,0.16566881599558725,0.15173627493058003,0.8597547444157098],[1,54.16299095165105,9.204233067552352,24.385694851678863]],[2,"mixamorig:LeftForeArm",16,[[4,"mixamorig:LeftHand",-23,[0,"35OU1KMItRLYncty88jwup",null,null,null,1,0],[1,7.310785008485254e-7,0.2039773315191269,-7.097245315890177e-7]]],[0,"deQ8ZTk+VfP63eBsV3Jh6y",null,null,null,1,0],[1,-2.4614006832734958e-8,0.22613035142421722,8.025391480259714e-7],[3,0.0009879083431871855,0.000027097452565246734,0.2486646637325349,0.9685891328698764],[1,0.12424289189900047,-0.028690863288920093,28.797002971508917]],[1,"mixamorig:Neck",3,[-24],[0,"51UzNWi11fioKRkP96V5Z3",null,null,null,1,0],[1,1.3322675997716858e-17,0.13429047167301178,5.419352646640618e-7],[3,0.010485702158486737,0.0020668711442740463,0.007939853678367805,0.9999113644806138],[1,1.1998256986737148,0.22731409028935473,0.9122816102397723]],[2,"mixamorig:Head",18,[[4,"mixamorig:HeadTop_End",-25,[0,"c1NG99ajVdYJXgou/jNWLN",null,null,null,1,0],[1,1.776356799695581e-17,0.4439069926738739,0.0029039999935775995]]],[0,"f430hLWv1XmaVuRVrRyVxe",null,null,null,1,0],[1,-6.661337998858429e-18,0.06552200019359589,0.00042899997788481414],[3,0.05174440625384374,-0.018190116067652144,0.0480717430552253,0.9973368255602091],[1,6.05187977262056,-2.3751174408867564,5.394052251762917]],[1,"mixamorig:RightShoulder",3,[-26],[0,"e2hF5oyVNaT6r4ZYwWJlTH",null,null,null,1,0],[1,-0.08789899945259094,0.10783987492322922,-0.0001502911763964221],[3,0.640893345093072,-0.3807312875781758,0.5015494862446177,0.43903020365600903],[1,108.96321706966906,-78.04058718623762,-2.7297756634594217]],[1,"mixamorig:RightArm",20,[-27],[0,"35271G7JlR85zYVVK4GJfq",null,null,null,1,0],[1,-5.164837943993916e-7,0.18503962457180023,-8.147019343596185e-7],[3,0.42253776960307915,-0.16075755494280428,-0.15708495518721602,0.8780336887850584],[1,49.35773149628922,-9.445288680928883,-24.311925139172807]],[2,"mixamorig:RightForeArm",21,[[4,"mixamorig:RightHand",-28,[0,"499fJL/B9QeYYtrF9m/ry7",null,null,null,1,0],[1,-8.284034151984088e-7,0.20398245751857758,-6.713101470268157e-7]]],[0,"e5WX9haXVXVYOHM7/F/z6E",null,null,null,1,0],[1,7.460175197593344e-7,0.2261360138654709,7.079494253048324e-7],[3,0.0007298319192514924,-0.0000617544787504015,-0.26783445261841643,0.9634646695766002],[1,0.09186108637157246,0.01819165437162955,-31.070885474045063]]],0,[0,2,1,0,1,1,0,-1,4,0,-2,2,0,-1,5,0,-2,9,0,-3,13,0,-1,15,0,-2,18,0,-3,20,0,1,4,0,-1,6,0,-1,7,0,-1,8,0,0,8,0,-1,10,0,-1,11,0,-1,12,0,0,12,0,-1,14,0,-1,16,0,-1,17,0,0,17,0,-1,19,0,0,19,0,-1,21,0,-1,22,0,0,22,0,3,1,3,0,14,28],[0,0,0],[-1,4,5],[0,1,2]],[[[14,"Skin-0",2352467995,["mixamorig:Hips","mixamorig:Hips/mixamorig:Spine","mixamorig:Hips/mixamorig:Spine/mixamorig:Spine1/mixamorig:Spine2/mixamorig:LeftShoulder/mixamorig:LeftArm/mixamorig:LeftForeArm/mixamorig:LeftHand","mixamorig:Hips/mixamorig:Spine/mixamorig:Spine1/mixamorig:Spine2/mixamorig:RightShoulder","mixamorig:Hips/mixamorig:Spine/mixamorig:Spine1/mixamorig:Spine2/mixamorig:RightShoulder/mixamorig:RightArm","mixamorig:Hips/mixamorig:Spine/mixamorig:Spine1/mixamorig:Spine2/mixamorig:RightShoulder/mixamorig:RightArm/mixamorig:RightForeArm","mixamorig:Hips/mixamorig:Spine/mixamorig:Spine1/mixamorig:Spine2/mixamorig:RightShoulder/mixamorig:RightArm/mixamorig:RightForeArm/mixamorig:RightHand","mixamorig:Hips/mixamorig:LeftUpLeg","mixamorig:Hips/mixamorig:LeftUpLeg/mixamorig:LeftLeg","mixamorig:Hips/mixamorig:LeftUpLeg/mixamorig:LeftLeg/mixamorig:LeftFoot","mixamorig:Hips/mixamorig:LeftUpLeg/mixamorig:LeftLeg/mixamorig:LeftFoot/mixamorig:LeftToeBase","mixamorig:Hips/mixamorig:Spine/mixamorig:Spine1","mixamorig:Hips/mixamorig:RightUpLeg","mixamorig:Hips/mixamorig:RightUpLeg/mixamorig:RightLeg","mixamorig:Hips/mixamorig:RightUpLeg/mixamorig:RightLeg/mixamorig:RightFoot","mixamorig:Hips/mixamorig:RightUpLeg/mixamorig:RightLeg/mixamorig:RightFoot/mixamorig:RightToeBase","mixamorig:Hips/mixamorig:Spine/mixamorig:Spine1/mixamorig:Spine2","mixamorig:Hips/mixamorig:Spine/mixamorig:Spine1/mixamorig:Spine2/mixamorig:Neck","mixamorig:Hips/mixamorig:Spine/mixamorig:Spine1/mixamorig:Spine2/mixamorig:Neck/mixamorig:Head","mixamorig:Hips/mixamorig:Spine/mixamorig:Spine1/mixamorig:Spine2/mixamorig:LeftShoulder","mixamorig:Hips/mixamorig:Spine/mixamorig:Spine1/mixamorig:Spine2/mixamorig:LeftShoulder/mixamorig:LeftArm","mixamorig:Hips/mixamorig:Spine/mixamorig:Spine1/mixamorig:Spine2/mixamorig:LeftShoulder/mixamorig:LeftArm/mixamorig:LeftForeArm"],[[[7,1,0,0,0,0,1,0,0,0,0,1,0,0,-0.7798829674720764,-0.00204299995675683,1],[7,1,0,0,0,0,0.9999898672103882,0.004606003873050213,0,0,-0.0046060043387115,0.9999897480010986,0,0,-0.8693917393684387,-0.005634480156004429,1],[7,0.004174997564405203,0.9999644756317139,0.007349090650677681,0,-0.0038969984743744135,0.00736536830663681,-0.9999655485153198,0,-0.9999831914901733,0.004146216437220573,0.00392761267721653,0,0.0018064617179334164,-0.7042709589004517,1.151461124420166,1],[7,-0.0016599992522969842,-0.9610739350318909,0.27628639340400696,0,0.004649999551475048,-0.27629128098487854,-0.961062490940094,0,0.9999876022338867,-0.000310631439788267,0.004927636589854956,0,-0.005682843737304211,0.24736496806144714,1.178579568862915,1],[7,-0.007614993490278721,-0.999708890914917,-0.022913731634616852,0,0.002929999027401209,0.02289198525249958,-0.9997343420982361,0,0.9999663829803467,-0.007680108305066824,0.0027548254001885653,0,-0.005286893807351589,-0.2919837534427643,1.1435420513153076,1],[7,0.008769000880420208,-0.9999352693557739,-0.007341506890952587,0,0.0025620018132030964,0.007364231627434492,-0.9999702572822571,0,0.999958336353302,0.008749931119382381,0.002626412780955434,0,0.00319516914896667,-0.5002644062042236,1.1514718532562256,1],[7,0.008768999949097633,-0.9999352693557739,-0.007341506890952587,0,0.002562001347541809,0.007364231161773205,-0.9999703168869019,0,0.9999582171440125,0.008749931119382381,0.002626412780955434,0,0.0031959929037839174,-0.7042470574378967,1.1514726877212524,1],[7,-0.9987469911575317,0.05128558725118637,0.000007753407771815546,0,-0.05128847435116768,-0.9986787438392639,0.003398000728338957,0,0.00018202299543190747,0.003393132472410798,0.9999943971633911,0,0.19459037482738495,0.721081554889679,-0.0005251417751424015,1],[7,-0.9985871315002441,0.0543101541697979,0.00025441183242946863,0,-0.05431385338306427,-0.9985236525535583,-0.0013630002504214644,0,0.00018002277647610754,-0.0013748066266998649,0.999998927116394,0,0.1956631988286972,0.35409265756607056,0.001165590132586658,1],[7,-0.996471107006073,0.06420940905809402,-0.05521060898900032,0,-0.05429287627339363,0.016005005687475204,0.9983969330787659,0,0.06499423831701279,0.9978081583976746,-0.01246162224560976,0,0.19532650709152222,-0.01160167995840311,-0.006079578772187233,1],[7,-0.9974768161773682,0.04607115313410759,-0.05516396090388298,0,-0.05451788008213043,0.015238998457789421,0.9983963966369629,0,0.04684090241789818,0.9988216161727905,-0.012688045389950275,0,0.1965043842792511,-0.06309370696544647,-0.006076596677303314,1],[7,1,0,0,0,0,0.9999898672103882,0.0046060043387115,0,0,-0.0046060048043727875,0.9999897480010986,0,0,-0.9738398790359497,-0.00563456816598773,1],[7,-0.9987461566925049,-0.05128391087055206,-0.00001760363556968514,0,0.05128537863492966,-0.9986490607261658,-0.008455023169517517,0,0.0004160518292337656,-0.008444794453680515,0.9999656081199646,0,-0.1945880502462387,0.7210620641708374,0.005152351222932339,1],[7,-0.99858558177948,-0.05430988222360611,0.0007621551631018519,0,0.054316721856594086,-0.9985076785087585,0.005763022229075432,0,0.0004480553325265646,0.005795900244265795,0.9999852180480957,0,-0.19566293060779572,0.35409989953041077,0.00011133320367662236,1],[7,-0.9966843724250793,-0.06121622025966644,0.054707448929548264,0,0.0538715161383152,0.01527707464993,0.9984315037727356,0,-0.061959486454725266,0.99801105260849,-0.011927853338420391,0,-0.19528710842132568,-0.012137173675000668,-0.006164076272398233,1],[7,-0.9975533485412598,-0.044881436973810196,0.054717812687158585,0,0.054103586822748184,0.014861060306429863,0.9984248876571655,0,-0.045626550912857056,0.9988847970962524,-0.012395662255585194,0,-0.19640162587165833,-0.06670589745044708,-0.0061345528811216354,1],[7,1,0,0,0,0,0.9999898672103882,0.0046060048043727875,0,0,-0.004606005270034075,0.9999897480010986,0,0,-1.0932083129882812,-0.005634380038827658,1],[7,1,0,0,0,0,0.9999999403953552,1.1785192821633927e-9,0,0,-1.1785192821633927e-9,0.9999999403953552,0,0,-1.2275110483169556,0.00001899907692859415,1],[7,1,0,0,0,0,0.9999999403953552,1.1785192821633927e-9,0,0,-1.1785192821633927e-9,0.9999999403953552,0,0,-1.2930330038070679,-0.00041000093915499747,1],[7,-0.0010120014194399118,0.9610739350318909,-0.2762893736362457,0,-0.004646007902920246,-0.2762911021709442,-0.9610626101493835,0,-0.99998939037323,0.00031104570371098816,0.004744760226458311,0,0.005679088644683361,0.2473648190498352,1.1785796880722046,1],[7,-0.003039000788703561,0.9997327327728271,0.022904617711901665,0,-0.004055003169924021,0.022892218083143234,-0.999729335308075,0,-0.9999873042106628,-0.003131056437268853,0.003984349314123392,0,0.0055375657975673676,-0.29198935627937317,1.143537998199463,1],[7,0.00417499803006649,0.9999644756317139,0.007349090650677681,0,-0.003896998940035701,0.00736536830663681,-0.9999655485153198,0,-0.9999833106994629,0.004146216437220573,0.00392761267721653,0,0.0018071936210617423,-0.5002936720848083,1.1514604091644287,1]],8,8,8,8,8,8,8,8,8,8,8,8,8,8,8,8,8,8,8,8,8,8]]],0,0,[],[],[]],[[[15,".bin",778826461,[{"primitives":[{"primitiveMode":7,"jointMapIndex":0,"vertexBundelIndices":[0],"indexView":{"offset":180072,"length":20232,"count":10116,"stride":2}}],"vertexBundles":[{"view":{"offset":0,"length":180072,"count":2501,"stride":72},"attributes":[{"name":"a_position","format":32,"isNormalized":false},{"name":"a_normal","format":32,"isNormalized":false},{"name":"a_texCoord","format":21,"isNormalized":false},{"name":"a_tangent","format":44,"isNormalized":false},{"name":"a_joints","format":42,"isNormalized":false},{"name":"a_weights","format":44,"isNormalized":false}]}],"jointMaps":[[0,1,2,3,4,5,6,7,8,9,10,11,12,13,14,15,16,17,18,19,20,21]]},"minPosition",8,[1,-0.8041427731513977,-0.011877230368554592,-0.2856912612915039],"maxPosition",8,[1,0.8034979701042175,1.9698855876922607,0.4381537437438965]]],-1],0,0,[],[],[]],[[[16,"CharacterSkin_Mesh",[{"rasterizerState":{},"blendState":{"targets":[{}]},"depthStencilState":{}}],[{"USE_ALBEDO_MAP":true,"DCC_APP_NAME":0}],[[[{"albedoScale":1,"emissiveScale":1},"mainColor",8,[4,4294967295],"emissive",8,[4,4278190080],"mainTexture",6,0]],11]]],0,0,[0,0],[6,7],[3,4]]]]
