[1,["f6SJZOjTJB/JrJeh5xTdF7","84B+Q5netEu5EIY1w/9Vae@0f08a","84B+Q5netEu5EIY1w/9Vae@a62fe","84B+Q5netEu5EIY1w/9Vae@438fe"],["_parent","node","_effectAsset","root","data","_mesh","_skeleton"],[["cc.Node",["_name","_prefab","_children","_parent","_lpos","_components","_lrot","_euler"],2,4,2,1,5,9,5,5],["cc.Material",["_name","_states","_defines","_props"],0,12],["cc.Skeleton",["_name","_hash","_joints","_bindposes"],0,12],["cc.Prefab",[],3],["cc.Node",["_name","_parent","_children","_prefab","_lpos","_lrot","_euler"],2,1,9,4,5,5,5],["cc.SkeletalAnimation",["node","__prefab"],3,1,4],["cc.CompPrefabInfo",["fileId"],2],["cc.PrefabInfo",["fileId","instance","targetOverrides","nestedPrefabInstanceRoots","root","asset"],-1,1,1],["cc.SkinnedMeshRenderer",["node","__prefab","_materials","bakeSettings","_skinningRoot","_mesh","_skeleton"],3,1,4,3,4,1,6,6],["cc.ModelBakeSettings",[],3],["cc.Mesh",["_native","_hash","_struct"],1,11]],[[7,0,1,2,3,4,5,5],[0,0,3,2,1,4,6,7,2],[0,0,3,1,4,2],[4,0,1,2,3,4,5,6,2],[6,0,2],[1,0,1,2,3,4],[2,0,1,2,3,4],[3,1],[0,0,2,5,1,2],[0,0,2,1,4,6,7,2],[0,0,3,5,1,2],[5,0,1,1],[8,0,1,2,3,4,5,6,1],[9,1],[10,0,1,2,3]],[[[[5,"Character",[{"rasterizerState":{},"blendState":{"targets":[{}]},"depthStencilState":{}}],[{"DCC_APP_NAME":0}],[[[{"albedoScale":1,"emissiveScale":1},"mainColor",8,[4,4294966784],"emissive",8,[4,4278190080]]],11]]],0,0,[0],[2],[0]],[[[6,"Skin-0",653927305,["mixamorig:Hips/mixamorig:Spine/mixamorig:Spine1/mixamorig:Spine2/mixamorig:Neck/mixamorig:Head","mixamorig:Hips/mixamorig:Spine/mixamorig:Spine1/mixamorig:Spine2/mixamorig:Neck","mixamorig:Hips/mixamorig:Spine/mixamorig:Spine1/mixamorig:Spine2","mixamorig:Hips/mixamorig:RightUpLeg/mixamorig:RightLeg","mixamorig:Hips/mixamorig:RightUpLeg/mixamorig:RightLeg/mixamorig:RightFoot","mixamorig:Hips/mixamorig:RightUpLeg/mixamorig:RightLeg/mixamorig:RightFoot/mixamorig:RightToeBase","mixamorig:Hips/mixamorig:RightUpLeg","mixamorig:Hips","mixamorig:Hips/mixamorig:LeftUpLeg","mixamorig:Hips/mixamorig:Spine/mixamorig:Spine1/mixamorig:Spine2/mixamorig:RightShoulder","mixamorig:Hips/mixamorig:Spine/mixamorig:Spine1/mixamorig:Spine2/mixamorig:RightShoulder/mixamorig:RightArm","mixamorig:Hips/mixamorig:Spine","mixamorig:Hips/mixamorig:Spine/mixamorig:Spine1","mixamorig:Hips/mixamorig:Spine/mixamorig:Spine1/mixamorig:Spine2/mixamorig:RightShoulder/mixamorig:RightArm/mixamorig:RightForeArm","mixamorig:Hips/mixamorig:Spine/mixamorig:Spine1/mixamorig:Spine2/mixamorig:RightShoulder/mixamorig:RightArm/mixamorig:RightForeArm/mixamorig:RightHand","mixamorig:Hips/mixamorig:LeftUpLeg/mixamorig:LeftLeg","mixamorig:Hips/mixamorig:Spine/mixamorig:Spine1/mixamorig:Spine2/mixamorig:LeftShoulder","mixamorig:Hips/mixamorig:Spine/mixamorig:Spine1/mixamorig:Spine2/mixamorig:LeftShoulder/mixamorig:LeftArm","mixamorig:Hips/mixamorig:Spine/mixamorig:Spine1/mixamorig:Spine2/mixamorig:LeftShoulder/mixamorig:LeftArm/mixamorig:LeftForeArm","mixamorig:Hips/mixamorig:Spine/mixamorig:Spine1/mixamorig:Spine2/mixamorig:LeftShoulder/mixamorig:LeftArm/mixamorig:LeftForeArm/mixamorig:LeftHand","mixamorig:Hips/mixamorig:LeftUpLeg/mixamorig:LeftLeg/mixamorig:LeftFoot/mixamorig:LeftToeBase","mixamorig:Hips/mixamorig:LeftUpLeg/mixamorig:LeftLeg/mixamorig:LeftFoot"],[[[7,0.9999998807907104,-1.4460967534546398e-8,3.637981249582367e-9,0,1.4460973751795336e-8,0.9999994039535522,-1.5025168609295037e-11,0,-3.6379808054931573e-9,1.5025211977381936e-11,1,0,-0.002406967105343938,-1.3609315156936646,0.0002699494652915746,1],[7,1.0000001192092896,5.1659299060702324e-8,1.746230005039706e-8,0,-5.1659323929698076e-8,0.9999996423721313,-1.1656557497019548e-8,0,-1.746230537946758e-8,1.165655394430587e-8,0.9999998807907104,0,-0.002407005988061428,-1.2289789915084839,-0.00006288286385824904,1],[7,1.0000001192092896,2.1827883944780524e-9,-1.1641530406336642e-8,0,-2.18636397875116e-9,1.0000001192092896,-0.00030716185574419796,0,1.1640866048878706e-8,0.0003071620885748416,0.9999994039535522,0,-0.002406936837360263,-1.1055035591125488,0.00031462317565456033,1],[7,-0.9983771443367004,-0.056945379823446274,0.0000053085391300555784,0,0.05694536119699478,-0.9983774423599243,0.00020354054868221283,0,-0.000006290767942118691,0.00020351263810880482,0.9999997019767761,0,-0.19343066215515137,0.3632272779941559,-0.00017008928989525884,1],[7,-0.9977065920829773,-0.03626536950469017,0.057149894535541534,0,0.05689963325858116,0.007895366288721561,0.9983493685722351,0,-0.03665672242641449,0.999310314655304,-0.005813781172037125,0,-0.1932944804430008,-0.007288961671292782,-0.00526205450296402,1],[7,-0.9982227087020874,0.01686815544962883,0.05714401230216026,0,0.05723896995186806,0.005203380715101957,0.9983469247817993,0,0.016542930155992508,0.9998434782028198,-0.00615965761244297,0,-0.19640184938907623,-0.05320166423916817,-0.0052436525002121925,1],[7,-0.9987534284591675,-0.04990140348672867,-8.730897782527336e-9,0,0.049901366233825684,-0.9987541437149048,0.00011066149454563856,0,-0.000005530879661819199,0.00011052319314330816,1,0,-0.19086366891860962,0.7629210948944092,-0.0001362785551464185,1],[7,1.0000001192092896,-1.4551914118143827e-9,3.4924596548080444e-8,0,1.4551917448812901e-9,0.9999998807907104,-6.664296927307108e-25,0,-3.492460010079412e-8,5.082197352653557e-17,1,0,-0.0024069685023278,-0.8173943758010864,0.00006354134529829025,1],[7,-0.9987539649009705,0.049901071935892105,6.983111688896315e-8,0,-0.04990067332983017,-0.9987459778785706,0.003996014595031738,0,0.00019947518012486398,0.003991032484918833,0.9999918937683105,0,0.19567134976387024,0.7626791000366211,-0.0021547379437834024,1],[7,-0.000139013965963386,-0.962989866733551,0.2695363461971283,0,-0.00030775569030083716,-0.26953619718551636,-0.9629901647567749,0,0.9999996423721313,-0.000216820408240892,-0.0002588964707683772,0,0.0003156082530040294,0.23877540230751038,1.183374285697937,1],[7,0.004044595640152693,-0.9999536275863647,-0.008736521005630493,0,0.0008632012759335339,0.008740079589188099,-0.9999614357948303,0,0.9999912977218628,0.004036898724734783,0.0008985114982351661,0,0.00009364811558043584,-0.2798269987106323,1.150948166847229,1],[7,1,1.0822987839276266e-8,1.5975328317626987e-15,0,-1.0822986062919426e-8,1.0000001192092896,-0.00030715676257386804,0,-3.3259506260208127e-12,0.0003071567916776985,1,0,-0.002406956860795617,-0.8997118473052979,0.00031459241290576756,1],[7,1,7.639756383071017e-9,1.5975172675322929e-15,0,-7.639755494892597e-9,1,-0.00030715312459506094,0,-2.3481724377438784e-12,0.0003071531536988914,0.9999998807907104,0,-0.00240695639513433,-0.9957478642463684,0.000314608245389536,1],[7,-0.0050926972180604935,-0.9999729990959167,-0.005245300009846687,0,0.0009430129430256784,0.005240562837570906,-0.9999855756759644,0,0.9999864101409912,-0.005097570829093456,0.0009162990609183908,0,-0.0046770297922194,-0.518027663230896,1.1527634859085083,1],[7,-0.005092696752399206,-0.9999729990959167,-0.005245300009846687,0,0.0009430128848180175,0.005240562837570906,-0.9999855756759644,0,0.9999862909317017,-0.005097570829093456,0.0009162991191260517,0,-0.004676819778978825,-0.7085127234458923,1.1527636051177979,1],[7,-0.9983770847320557,0.0569453239440918,0.0003194319433532655,0,-0.05694574490189552,-0.9983761310577393,-0.001603178447112441,0,0.00022761976288165897,-0.0016187680885195732,0.9999982118606567,0,0.19823689758777618,0.36295390129089355,-0.00011912157788174227,1],[7,0.0003102051850873977,0.9629912376403809,-0.26953279972076416,0,0.00030387163860723376,-0.2695328891277313,-0.9629912376403809,0,-0.9999995827674866,0.00021682155784219503,-0.0003762363630812615,0,-0.0003117034793831408,0.23413534462451935,1.1846723556518555,1],[7,0.00182352343108505,0.9999597072601318,0.008739628829061985,0,-0.00011980166163994,0.00873985979706049,-0.9999615550041199,0,-0.9999983310699463,0.0018224060768261552,0.000135734211653471,0,-0.00023869684082455933,-0.2846425473690033,1.150905966758728,1],[7,-0.0067376322112977505,0.9999634027481079,0.005241856910288334,0,-0.00019456713926047087,0.005240662954747677,-0.999986469745636,0,-0.9999767541885376,-0.006738562136888504,0.000159250499564223,0,0.004272368270903826,-0.52283775806427,1.1527420282363892,1],[7,-0.006737676449120045,0.9999634027481079,0.005241828504949808,0,-0.00019456708105280995,0.005240633152425289,-0.9999867081642151,0,-0.999976396560669,-0.006738608703017235,0.00015925051411613822,0,0.0042723179794847965,-0.713324785232544,1.152742624282837,1],[7,-0.9982213377952576,-0.016642838716506958,-0.05723974481225014,0,-0.057332076132297516,0.005126903299242258,0.9983423352241516,0,-0.016321776434779167,0.9998483061790466,-0.006071957293897867,0,0.20115308463573456,-0.05052725598216057,-0.004970072768628597,1],[7,-0.9976373314857483,0.037986915558576584,-0.057239677757024765,0,-0.056965429335832596,0.008263027295470238,0.9983423948287964,0,0.038396935909986496,0.9992430806159973,-0.006079573184251785,0,0.19808776676654816,-0.007724178023636341,-0.0049697021022439,1]],8,8,8,8,8,8,8,8,8,8,8,8,8,8,8,8,8,8,8,8,8,8]]],0,0,[],[],[]],[[[7],[8,"PlayerNew",[-3,-4],[[11,-2,[4,"22qQ9Nu/9RoY6Wkzb5ZukM"]]],[0,"76v8Q/dJBTvbqLzvJjdydw",null,null,null,-1,0]],[1,"mixamorig:Hips",1,[-5,-6,-7],[0,"02HCUPUitWE7NdyKM5pAog",null,null,null,1,0],[1,0.044765032827854156,0.754638671875,-0.018198993057012558],[3,-0.017954863766693537,0.0676723724628784,-0.02719855518854248,0.9971751658901361],[1,-1.8440292540658532,7.7124443792892565,-3.24889565067857]],[9,"mixamorig:Spine2",[-8,-9,-10],[0,"aehQMdZTxbfI63gwBxCth2",null,null,null,1,0],[1,0,0.10975570231676102,0],[3,0.014076900088652804,0.0007912887574336439,0.030470439062481414,0.9994362246233304],[1,1.6126301907916205,0.04154940946287483,3.4931265743359847]],[10,"Character_Man",1,[[12,-11,[4,"06ABmW7YZZ96NBUSs47PBM"],[0],[13],1,1,2]],[0,"9cT+MIzedQWqn21UMkUsMR",null,null,null,1,0]],[1,"mixamorig:LeftUpLeg",2,[-12],[0,"96/d05ELZeKJzDUoUfuE0W",null,null,null,1,0],[1,0.15496203303337097,-0.04589949920773506,-0.0008646824862807989],[3,0.10180931084404327,0.08248945561487757,0.9815417808819742,-0.1393057296770848],[1,-168.64454116813837,-166.66954180927175,-14.872705257148768]],[1,"mixamorig:LeftLeg",5,[-13],[0,"dbdtzep8JSK6oatrkzHXF1",null,null,null,1,0],[1,0,0.3983418941497803,0],[3,-0.18893263860624016,0.08652980454595648,0.03581824455392844,0.9775142476463436],[1,-22.075579548322537,10.53465059096009,2.1392957805462]],[1,"mixamorig:LeftFoot",6,[-14],[0,"f7ngKTGsJX9ajb8hTYHK8+",null,null,null,1,0],[1,0,0.35792484879493713,4.440891999238953e-18],[3,0.7768594573072104,-0.06700056003521598,-0.08412224745750319,0.6204222401155624],[1,103.07013525509859,2.7876068942522,-12.033447279252421]],[3,"mixamorig:LeftToeBase",7,[[2,"mixamorig:LeftToe_End",-15,[0,"b4OJv0YmxXwI4imiFF8mAn",null,null,null,1,0],[1,7.105427198782324e-17,0.05437206104397774,0]]],[0,"a66AQ/wHVWipqJQ0b/DFbN",null,null,null,1,0],[1,0,0.05373098701238632,4.440891999238953e-18],[3,0.018260480837961644,-0.001004841178761709,-0.008082877845425405,0.9998000861269758],[1,2.0918870808187364,-0.09822283703132365,-0.9281876327484372]],[1,"mixamorig:RightUpLeg",2,[-16],[0,"23rPhUiGBWxJruFSKN6BNG",null,null,null,1,0],[1,-0.15496203303337097,-0.04589949920773506,0.00011443335097283125],[3,-0.047795322873247593,0.00872214065100565,0.997401438857799,-0.05319681511423691],[1,-179.2903811214422,174.5510444070717,-6.139578792346775]],[1,"mixamorig:RightLeg",9,[-17],[0,"c7K+0+ZZpfvIYLdzUYYfF5",null,null,null,1,0],[1,-8.881783998477905e-18,0.3983387351036072,0],[3,-0.16852800948447944,0.08562768454129158,0.017558955073271505,0.981813573320328],[1,-19.50800218314423,10.024073686429688,0.32188447701960415]],[1,"mixamorig:RightFoot",10,[-18],[0,"66JwE/KEVb7YVFh9Aqmntz",null,null,null,1,0],[1,-1.776356799695581e-17,0.35792437195777893,1.776356799695581e-17],[3,0.8068304729446255,0.012574583403457186,-0.08481910899951686,0.5845273188899808],[1,108.50139935920201,8.745354600141319,-4.523447207719233]],[3,"mixamorig:RightToeBase",11,[[2,"mixamorig:RightToe_End",-19,[0,"f2Ngyu5eZYDITeC9ab/m1l",null,null,null,1,0],[1,0,0.053646791726350784,4.440891999238953e-18]]],[0,"63h4DndWtboYOC/wHpMJPW",null,null,null,1,0],[1,-8.881783998477905e-18,0.05628112703561783,0],[3,0.023714376181091245,0.0012505561816654467,0.006887082350590231,0.9996942695485826],[1,2.716927399987908,0.12455595826121901,0.7923838247590747]],[1,"mixamorig:Spine",2,[-20],[0,"35sYcQj+xXeJ9Kpk/XwEUC",null,null,null,1,0],[1,-5.551114999048691e-19,0.0823168158531189,0.000025284020011895336],[3,0.013335746036809473,-0.005816896557342396,0.017630331555559237,0.9997387123650479],[1,1.5406511197495267,-0.693779472721255,2.011283175609878]],[1,"mixamorig:Spine1",13,[3],[0,"d43OIHJQlfTIL+VEnDIyDZ",null,null,null,1,0],[1,4.440891999238953e-18,0.09603630751371384,0],[3,0.014010088518878557,-0.00014011120948160226,0.03070659004286975,0.9994302392445815],[1,1.6082588167074279,-0.0654673688906767,3.5186976599467554]],[1,"mixamorig:LeftShoulder",3,[-21],[0,"bbMnYUTBlT+oKBE1RR3kd7",null,null,null,1,0],[1,0.0914309173822403,0.09843254834413528,0.000028042721169185825],[3,0.6777068453826905,0.3002959524068173,-0.5628893439588695,0.36563829004506376],[1,123.522733961764,79.28301923262721,-0.26370757783016957]],[1,"mixamorig:LeftArm",15,[-22],[0,"fdLx2A8gBcDbSSSsL5pm4A",null,null,null,1,0],[1,0,0.1876811385154724,-1.4210854397564648e-16],[3,0.3093008422568088,0.1188123458732718,0.004571485833625391,0.9435018372873428],[1,35.77050195537244,12.833681491911511,4.71065966521913]],[3,"mixamorig:LeftForeArm",16,[[2,"mixamorig:LeftHand",-23,[0,"41AUwJtX1X+bkvUrEB6lI7",null,null,null,1,0],[1,-1.776356799695581e-17,0.19048698246479034,1.4210854397564648e-16]]],[0,"94Sf8MtB5cHpMTDWBh2/oy",null,null,null,1,0],[1,3.552713599391162e-17,0.24224147200584412,-2.8421708795129297e-16],[3,0.0007531830991192465,0.000027612872389528753,0.18942028451641046,0.9818958130914249],[1,0.09065172614719248,-0.01426533088904493,21.837905017802385]],[1,"mixamorig:Neck",3,[-24],[0,"b0Kz80NG5Udbs8Ntbmxpaf",null,null,null,1,0],[1,1.776356799695581e-17,0.12347518652677536,-2.5358088892590835e-11],[3,0.023905485734298123,-0.02323259027675349,0.027355084042218317,0.9990698043069278],[1,2.8148141154933723,-2.739691104184374,3.069571453948103]],[3,"mixamorig:Head",18,[[2,"mixamorig:HeadTop_End",-25,[0,"e7LUazMCJdZYFe6Sqiz1Rq",null,null,null,1,0],[1,-3.552713599391162e-17,0.37634536623954773,-0.0009489688090980053]]],[0,"93/yGcHUpU5rI0oK027f9a",null,null,null,1,0],[1,0,0.13195326924324036,-0.00033272511791437864],[3,-0.10842984444168621,-0.0333760202928231,-0.025905769974043723,0.9932058704950432],[1,-12.552152523643477,-4.128113736539493,-2.53453827367132]],[1,"mixamorig:RightShoulder",3,[-26],[0,"b9LUoJ3Jde+o2JXxCrW8iM",null,null,null,1,0],[1,-0.0914309173822403,0.09843254089355469,-0.00001265880655410001],[3,0.597138576045238,-0.4245875721669394,0.5688738154346092,0.373541827206699],[1,111.19873006087883,-90.44750763488074,-4.708071454242718]],[1,"mixamorig:RightArm",20,[-27],[0,"94yqzojKdUxa3WYfaHJO0I",null,null,null,1,0],[1,0,0.1876811385154724,0],[3,0.3657825228049932,-0.10481938538909212,-0.019767431201238608,0.924567623876573],[1,42.57766604793301,-10.400349853428127,-6.501824482517708]],[3,"mixamorig:RightForeArm",21,[[2,"mixamorig:RightHand",-28,[0,"99OnXh+Q5V2JBLnFVA/230",null,null,null,1,0],[1,1.776356799695581e-17,0.19048506021499634,7.105427198782324e-17]]],[0,"e2VI5EZxpYr4nnn15FenA+",null,null,null,1,0],[1,-7.105427198782324e-17,0.24224303662776947,-7.105427198782324e-17],[3,0.0005230077533226803,-0.0000628212277132144,-0.19188165204042215,0.9814179304081527],[1,0.06200303106748693,0.004787421614268262,-22.125232041951996]]],0,[0,3,1,0,1,1,0,-1,4,0,-2,2,0,-1,5,0,-2,9,0,-3,13,0,-1,15,0,-2,18,0,-3,20,0,1,4,0,-1,6,0,-1,7,0,-1,8,0,0,8,0,-1,10,0,-1,11,0,-1,12,0,0,12,0,-1,14,0,-1,16,0,-1,17,0,0,17,0,-1,19,0,0,19,0,-1,21,0,-1,22,0,0,22,0,4,1,3,0,14,28],[0,0,0],[-1,5,6],[1,2,3]],[[[14,".bin",2012833267,[{"primitives":[{"primitiveMode":7,"jointMapIndex":0,"vertexBundelIndices":[0],"indexView":{"offset":78912,"length":13104,"count":6552,"stride":2}}],"vertexBundles":[{"view":{"offset":0,"length":78912,"count":1096,"stride":72},"attributes":[{"name":"a_position","format":32,"isNormalized":false},{"name":"a_normal","format":32,"isNormalized":false},{"name":"a_texCoord","format":21,"isNormalized":false},{"name":"a_tangent","format":44,"isNormalized":false},{"name":"a_joints","format":42,"isNormalized":false},{"name":"a_weights","format":44,"isNormalized":false}]}],"jointMaps":[[0,1,2,3,4,5,6,7,8,9,10,11,12,13,14,15,16,17,18,19,20,21]]},"minPosition",8,[1,-0.812272310256958,-0.013080334290862083,-0.23500294983386993],"maxPosition",8,[1,0.8134978413581848,1.7373653650283813,0.23627091944217682]]],-1],0,0,[],[],[]]]]
