[1,["3b6wZcU0NDXJcurXQdMexQ@e8c23","3b6wZcU0NDXJcurXQdMexQ@a62fe","3b6wZcU0NDXJcurXQdMexQ@438fe","3b6wZcU0NDXJcurXQdMexQ@4f17a","f6SJZOjTJB/JrJeh5xTdF7"],["_parent","node","root","data","_mesh","_skeleton","mainTexture","_effectAsset"],[["cc.Node",["_name","_prefab","_parent","_lpos","_children","_lrot","_euler","_components","_lscale"],2,4,1,5,2,5,5,9,5],["cc.Skeleton",["_name","_hash","_joints","_bindposes"],0,12],["cc.Mesh",["_native","_hash","_struct"],1,11],["cc.Prefab",[],3],["cc.Node",["_name","_parent","_children","_prefab","_lpos","_lrot","_euler"],2,1,9,4,5,5,5],["cc.SkeletalAnimation",["node","__prefab"],3,1,4],["cc.CompPrefabInfo",["fileId"],2],["cc.PrefabInfo",["fileId","instance","targetOverrides","nestedPrefabInstanceRoots","root","asset"],-1,1,1],["cc.SkinnedMeshRenderer",["node","__prefab","_materials","bakeSettings","_skinningRoot","_mesh","_skeleton"],3,1,4,3,4,1,6,6],["cc.ModelBakeSettings",[],3],["cc.Material",["_name","_states","_defines","_props"],0,12]],[[7,0,1,2,3,4,5,5],[0,0,2,4,1,3,5,6,2],[4,0,1,2,3,4,5,6,2],[0,0,2,4,1,3,5,8,6,2],[0,0,2,1,3,2],[0,0,2,1,3,5,6,2],[6,0,2],[1,0,1,2,3,4],[2,0,1,2,3],[3,1],[0,0,4,7,1,2],[0,0,4,1,3,5,6,2],[0,0,2,7,1,2],[5,0,1,1],[8,0,1,2,3,4,5,6,1],[9,1],[10,0,1,2,3,4]],[[[[7,"Skin-0",392903640,["mixamorig:Hips","mixamorig:Hips/mixamorig:Spine","mixamorig:Hips/mixamorig:Spine/mixamorig:Spine1/mixamorig:Spine2/mixamorig:LeftShoulder/mixamorig:LeftArm/mixamorig:LeftForeArm/mixamorig:LeftHand","mixamorig:Hips/mixamorig:Spine/mixamorig:Spine1/mixamorig:Spine2/mixamorig:RightShoulder","mixamorig:Hips/mixamorig:Spine/mixamorig:Spine1/mixamorig:Spine2/mixamorig:RightShoulder/mixamorig:RightArm","mixamorig:Hips/mixamorig:Spine/mixamorig:Spine1/mixamorig:Spine2/mixamorig:RightShoulder/mixamorig:RightArm/mixamorig:RightForeArm","mixamorig:Hips/mixamorig:Spine/mixamorig:Spine1/mixamorig:Spine2/mixamorig:RightShoulder/mixamorig:RightArm/mixamorig:RightForeArm/mixamorig:RightHand","mixamorig:Hips/mixamorig:LeftUpLeg","mixamorig:Hips/mixamorig:LeftUpLeg/mixamorig:LeftLeg","mixamorig:Hips/mixamorig:LeftUpLeg/mixamorig:LeftLeg/mixamorig:LeftFoot","mixamorig:Hips/mixamorig:LeftUpLeg/mixamorig:LeftLeg/mixamorig:LeftFoot/mixamorig:LeftToeBase","mixamorig:Hips/mixamorig:Spine/mixamorig:Spine1","mixamorig:Hips/mixamorig:RightUpLeg","mixamorig:Hips/mixamorig:RightUpLeg/mixamorig:RightLeg","mixamorig:Hips/mixamorig:RightUpLeg/mixamorig:RightLeg/mixamorig:RightFoot","mixamorig:Hips/mixamorig:RightUpLeg/mixamorig:RightLeg/mixamorig:RightFoot/mixamorig:RightToeBase","mixamorig:Hips/mixamorig:Spine/mixamorig:Spine1/mixamorig:Spine2","mixamorig:Hips/mixamorig:Spine/mixamorig:Spine1/mixamorig:Spine2/mixamorig:Neck","mixamorig:Hips/mixamorig:Spine/mixamorig:Spine1/mixamorig:Spine2/mixamorig:Neck/mixamorig:Head","mixamorig:Hips/mixamorig:Spine/mixamorig:Spine1/mixamorig:Spine2/mixamorig:LeftShoulder","mixamorig:Hips/mixamorig:Spine/mixamorig:Spine1/mixamorig:Spine2/mixamorig:LeftShoulder/mixamorig:LeftArm","mixamorig:Hips/mixamorig:Spine/mixamorig:Spine1/mixamorig:Spine2/mixamorig:LeftShoulder/mixamorig:LeftArm/mixamorig:LeftForeArm"],[[[7,1.0000001192092896,-5.169883561621854e-24,1.3969838619232178e-7,0,5.169883561621854e-24,1.0000001192092896,0,0,-1.3969838619232178e-7,7.222243404022759e-31,1.0000001192092896,0,9.078268590201333e-7,-0.7798829674720764,-0.0020438767969608307,1],[7,1.0000001192092896,-3.637979084647469e-10,1.396984004031765e-7,0,-2.796569642526947e-10,0.9999898672103882,0.0046060043387115,0,-1.3969854251172364e-7,-0.0046060043387115,0.9999898672103882,0,9.079688538804476e-7,-0.8693916201591492,-0.005635356530547142,1],[7,0.00417510187253356,0.9999642968177795,0.007348999381065369,0,-0.0038970003370195627,0.0073652733117341995,-0.9999659061431885,0,-0.9999842643737793,0.00414631562307477,0.0039276122115552425,0,0.0018072334351018071,-0.7042688727378845,1.1514612436294556,1],[7,-0.0016600341768935323,-0.9610739946365356,0.27628663182258606,0,0.004651019815355539,-0.2762916088104248,-0.9610622525215149,0,0.9999877214431763,-0.0003103818162344396,0.00492862518876791,0,-0.00568494014441967,0.24736449122428894,1.1785796880722046,1],[7,-0.007615011651068926,-0.9997091293334961,-0.02291325107216835,0,0.0029290206730365753,0.02289152517914772,-0.9997340440750122,0,0.9999663829803467,-0.0076801045797765255,0.0027538493741303682,0,-0.005286597181111574,-0.2919842004776001,1.1435418128967285,1],[7,0.008768940344452858,-0.9999352693557739,-0.007341052871197462,0,0.002562010893598199,0.00736377714201808,-0.9999702572822571,0,0.9999585747718811,0.008749869652092457,0.0026264169719070196,0,0.0031942331697791815,-0.5002649426460266,1.1514719724655151,1],[7,0.008768917992711067,-0.9999351501464844,-0.0073410626500844955,0,0.002562005538493395,0.007363786920905113,-0.9999701380729675,0,0.9999585747718811,0.008749845437705517,0.0026264111511409283,0,0.003195101860910654,-0.7042473554611206,1.151472568511963,1],[7,-0.9987469911575317,0.05128560587763786,0.000009802158274396788,0,-0.05128848925232887,-0.9986787438392639,0.0033980179578065872,0,0.00018407011521048844,0.003393044462427497,0.9999943971633911,0,0.1945894956588745,0.7210814952850342,-0.0005263687344267964,1],[7,-0.9985873103141785,0.0543101467192173,0.0002573709934949875,0,-0.054313868284225464,-0.998523473739624,-0.001362716662697494,0,0.000182993127964437,-0.0013746835757046938,0.9999991655349731,0,0.19566231966018677,0.35409262776374817,0.0011641382006928325,1],[7,-0.9964709877967834,0.06420938670635223,-0.055210649967193604,0,-0.05429287999868393,0.016005581244826317,0.9983969330787659,0,0.06499423086643219,0.9978082776069641,-0.012462195008993149,0,0.1953253597021103,-0.011602509766817093,-0.006079607177525759,1],[7,-0.9974799156188965,0.046071868389844894,-0.05511206388473511,0,-0.05446591228246689,0.015239521861076355,0.9983990788459778,0,0.04684099555015564,0.9988215565681458,-0.01269096415489912,0,0.1965024173259735,-0.0630946084856987,-0.006086819339543581,1],[7,1.0000001192092896,1.8189891259901003e-10,1.396984004031765e-7,0,-8.253477346009674e-10,0.9999897480010986,0.0046060043387115,0,-1.3969601297958434e-7,-0.0046060034073889256,0.999989926815033,0,9.092667028198775e-7,-0.9738399982452393,-0.005635444074869156,1],[7,-0.9987461566925049,-0.05128397420048714,-0.000005593771220446797,0,0.05128541216254234,-0.9986476898193359,-0.008455977775156498,0,0.00042809624574147165,-0.008445119485259056,0.9999656677246094,0,-0.19458897411823273,0.7210610508918762,0.005154013633728027,1],[7,-0.9985857009887695,-0.05430980399250984,0.000775209569837898,0,0.054316721856594086,-0.9985076785087585,0.005762733519077301,0,0.0004611071781255305,0.005796320736408234,0.9999852180480957,0,-0.19566377997398376,0.3540998697280884,0.00011283225467195734,1],[7,-0.9966830015182495,-0.061215873807668686,0.05472836643457413,0,0.053892482072114944,0.01527697965502739,0.998430073261261,0,-0.061959341168403625,0.9980114698410034,-0.011926467530429363,0,-0.19528791308403015,-0.012138055637478828,-0.006159808952361345,1],[7,-0.9975534081459045,-0.04488125815987587,0.05472880229353905,0,0.05411461740732193,0.014860917814075947,0.9984244704246521,0,-0.04562651738524437,0.9988849759101868,-0.012395027093589306,0,-0.19640207290649414,-0.06670676171779633,-0.006132232490926981,1],[7,1.0000001192092896,-2.6147964349299e-10,1.396984004031765e-7,0,-3.819741467570026e-10,0.9999898076057434,0.0046060048043727875,0,-1.3969807355351804e-7,-0.0046060043387115,0.999989926815033,0,9.081447842618218e-7,-1.0932084321975708,-0.005635256413370371,1],[7,1.0000001192092896,3.6379796397589814e-10,1.396984146140312e-7,0,-3.637982692872299e-10,0.9999997615814209,1.2376608626851748e-9,0,-1.396984146140312e-7,-1.2376605296182674e-9,1.0000001192092896,0,9.071567887986021e-7,-1.2275110483169556,0.00001812330629036296,1],[7,1.0000001192092896,3.6379793622032253e-10,1.396984146140312e-7,0,-3.637982415316543e-10,0.9999997615814209,1.2376607516628724e-9,0,-1.3969842882488592e-7,-1.237660418595965e-9,1.0000001192092896,0,9.077859886019723e-7,-1.2930328845977783,-0.00041087737190537155,1],[7,-0.0010119146900251508,0.9610738158226013,-0.27628961205482483,0,-0.004644991364330053,-0.2762913107872009,-0.9610626101493835,0,-0.9999895095825195,0.0003108492528554052,0.004743758589029312,0,0.005678804125636816,0.24736593663692474,1.1785792112350464,1],[7,-0.0030389551538974047,0.9997327923774719,0.022904174402356148,0,-0.004052999895066023,0.022891776636242867,-0.999729573726654,0,-0.9999874234199524,-0.0031309628393501043,0.003982349298894405,0,0.005536120850592852,-0.29198789596557617,1.143538236618042,1],[7,0.004175079055130482,0.9999644160270691,0.007348999846726656,0,-0.003897001501172781,0.0073652747087180614,-0.9999658465385437,0,-0.9999845027923584,0.004146292340010405,0.0039276122115552425,0,0.0018079961882904172,-0.5002925395965576,1.1514606475830078,1]],8,8,8,8,8,8,8,8,8,8,8,8,8,8,8,8,8,8,8,8,8,8]]],0,0,[],[],[]],[[[8,".bin",1766207216,[{"primitives":[{"primitiveMode":7,"jointMapIndex":0,"vertexBundelIndices":[0],"indexView":{"offset":212976,"length":20400,"count":10200,"stride":2}}],"vertexBundles":[{"view":{"offset":0,"length":212976,"count":2958,"stride":72},"attributes":[{"name":"a_position","format":32,"isNormalized":false},{"name":"a_normal","format":32,"isNormalized":false},{"name":"a_texCoord","format":21,"isNormalized":false},{"name":"a_tangent","format":44,"isNormalized":false},{"name":"a_joints","format":42,"isNormalized":false},{"name":"a_weights","format":44,"isNormalized":false}]}],"jointMaps":[[0,1,2,3,4,5,6,7,8,9,10,11,12,13,14,15,16,17,18,19,20,21]]},"minPosition",8,[1,-0.8063459396362305,-0.012341862544417381,-0.40082746744155884],"maxPosition",8,[1,0.8075641393661499,1.8596895933151245,0.28749603033065796]]],-1],0,0,[],[],[]],[[[9],[10,"Player4",[-3,-4],[[13,-2,[6,"bahqqPrWVUT4CsZ4C707sz"]]],[0,"e3+cOoaIFUurBCnUB7pV5Y",null,null,null,-1,0]],[1,"mixamorig:Hips",1,[-5,-6,-7],[0,"c4rTKhM5JeXbGzTMTouVQA",null,null,null,1,0],[1,0.0362883061170578,0.7518632411956787,-0.014272555708885193],[3,-0.01675433274310423,-0.03741013216997911,-0.024442221696930732,0.9988605268724339],[1,-2.0252128687292656,-4.337977947021625,-2.72688619938918]],[11,"mixamorig:Spine2",[-8,-9,-10],[0,"cfHt+bgKNcC7J+QUNtfXCx",null,null,null,1,0],[1,0,0.11936831474304199,-1.8954560232486983e-7],[3,0.015898561522843892,-0.01857984114825376,-0.003194560846427284,0.9996958637632791],[1,1.8148329765365727,-2.123163000873101,-0.3998111328471481]],[12,"Character_Man",1,[[14,-11,[6,"b0YfGjvXhYRa4OsYexDrDr"],[0],[15],1,1,2]],[0,"e72BQSzGdeoL6cMAcayHtD",null,null,null,1,0]],[3,"mixamorig:LeftUpLeg",2,[-12],[0,"4cAQBeTbBf6JkzDSMBCskt",null,null,null,1,0],[1,0.15734100341796875,-0.04977399855852127,-0.004000000189989805],[3,0.03848445362595576,0.10858823209745753,0.9932515484651603,-0.013375505621154056],[1,0.9999368786811829,0.9999995231628418,0.9999997615814209],[1,-167.48023945330567,-175.44778971086768,-1.0435608495010549]],[1,"mixamorig:LeftLeg",5,[-13],[0,"1fgcykX3dTJYmD7KTou8P8",null,null,null,1,0],[1,8.456277100776788e-7,0.36639639735221863,-9.881007656531438e-8],[3,-0.3077004777267939,-0.07893251441337532,0.027312862973325674,0.9478101506584985],[1,-35.584915720817094,-7.671402756733566,5.759323213203804]],[1,"mixamorig:LeftFoot",6,[-14],[0,"038R8j1EBbr6wq46gKOZJ9",null,null,null,1,0],[1,8.68072675075382e-7,0.34785178303718567,-6.204544433785486e-7],[3,0.8273173988849074,-0.06980946509987686,0.06288491799367947,0.5538213133978398],[1,112.16121623995055,-10.461017472341387,-2.6282284268066785]],[2,"mixamorig:LeftToeBase",7,[[5,"mixamorig:LeftToe_End",-15,[0,"51zNA/V1tVxYJUkFQzKvty",null,null,null,1,0],[1,-1.3809639654027706e-7,0.05282822996377945,-5.6846317875169916e-8],[3,-5.267439457494266e-8,0.000043088006310426714,9.581362965232804e-7,0.9999999990712516],[1,-0.000006040771808376291,0.004937521825758975,0.00010979407179528166]]],[0,"f97vD9QktZg76XpGuae0Dv",null,null,null,1,0],[1,9.018700666274526e-7,0.055052611976861954,-6.806151731097998e-8],[3,-0.0002945198450200893,0.00002159460161737716,-0.00911239238927917,0.9999584376846259],[1,-0.033731140077738926,0.002167277561803881,-1.0442183852962157]],[3,"mixamorig:RightUpLeg",2,[-16],[0,"30z7+E4jJQdIpIEfsPddy7",null,null,null,1,0],[1,-0.15734100341796875,-0.04977399855852127,-0.001025000005029142],[3,-0.13136830854734585,0.08469259693015341,0.9863096422139265,0.052562545700073404],[1,0.9999377727508545,0.999999463558197,0.9999987483024597],[1,-169.54407517682176,164.39902654303762,4.670999438461472]],[1,"mixamorig:RightLeg",9,[-17],[0,"f0aC1VvMBdnYFVzdjLt1n5",null,null,null,1,0],[1,-7.503253414142819e-7,0.3664073944091797,4.1891578916875005e-7],[3,-0.18967848912064111,0.034465435703142866,-0.03090231662415876,0.9807544296784817],[1,-21.77325616439011,3.212170730447537,-4.225949146359636]],[3,"mixamorig:RightFoot",10,[-18],[0,"96MTT/mSdWf4NrGT1BtJWF",null,null,null,1,0],[1,-0.0000010978279760820442,0.34785735607147217,6.962490033401991e-7],[3,0.7525790505820112,0.05468396594981967,0.03518322563149247,0.6552835852722398],[1,1.000001311302185,0.9999989867210388,1.0000001192092896],[1,97.83699047575692,1.0810583988811588,7.378183844131695]],[2,"mixamorig:RightToeBase",11,[[5,"mixamorig:RightToe_End",-19,[0,"74sflYsVdbKLG+ArNjlC9o",null,null,null,1,0],[1,-0.000001298211827815976,0.05426178500056267,6.870972697470279e-7],[3,2.290907552500064e-8,0.000006523318006517676,4.252857763640426e-7,0.9999999999786324],[1,0.000002624868771778423,0.0007475171792793626,0.00004873417726910053]]],[0,"79zYiklFxQmKV2Vcy5Xj6v",null,null,null,1,0],[1,-0.0000024147934709617402,0.057769134640693665,-4.0945391788227425e-7],[3,0.00023387224756379855,0.000007234852760513073,0.00817805366580104,0.9999665317847732],[1,0.026795693679940225,0.0006099368123655324,0.9371465339683605]],[1,"mixamorig:Spine",2,[-20],[0,"f85kIjvKJV1q7hP8vcW7A6",null,null,null,1,0],[1,-6.938894007304805e-19,0.0895249992609024,-0.00041299997246824205],[3,0.009220754016433661,0.0024352036997643714,-0.002859969691634369,0.9999504327973824],[1,1.0574433451269412,0.2820675404731333,-0.3251407998989782]],[1,"mixamorig:Spine1",13,[3],[0,"03LbpPG7lXmbaWQ4SAuy2r",null,null,null,1,0],[1,0,0.10444814711809158,8.817528396320995e-8],[3,0.015778233870712664,-0.01855842168270298,-0.003703836267646785,0.999696410875557],[1,1.7999803181752687,-2.1198473899163868,-0.4578589926560945]],[1,"mixamorig:LeftShoulder",3,[-21],[0,"9951bR8yFdupQpicNF2P3h",null,null,null,1,0],[1,0.08789899945259094,0.10783961415290833,-0.00009229176794178784],[3,-0.5538441698643498,-0.4390527434692556,0.5615232152863058,-0.4303266232223131],[1,104.12891936208766,90.92544392146011,0.17514351711726514]],[1,"mixamorig:LeftArm",15,[-22],[0,"96FU7JtM9QmrsIr0//3lwp",null,null,null,1,0],[1,5.517447903002903e-7,0.18503962457180023,-8.127735782181844e-7],[3,0.45864107585520625,0.1656689919512155,0.15173612330104624,0.8597547891869035],[1,54.16297238576302,9.204263495226947,24.385687429389076]],[2,"mixamorig:LeftForeArm",16,[[4,"mixamorig:LeftHand",-23,[0,"abFPi9NINZYpgtx+pNDVHg",null,null,null,1,0],[1,7.310785008485254e-7,0.2039773315191269,-7.097245315890177e-7]]],[0,"2cUzBFJOFXAIY2ImfQymu+",null,null,null,1,0],[1,-2.4614006832734958e-8,0.22613035142421722,8.025391480259714e-7],[3,0.0009878699261661828,0.000027174337610791307,0.24866466374145335,0.9685891329046151],[1,0.12423552617870944,-0.028679876217288548,28.79700298356368]],[1,"mixamorig:Neck",3,[-24],[0,"91PCs7Rt5avbCXCbyAM/Is",null,null,null,1,0],[1,-4.440891999238953e-18,0.13429047167301178,5.419352646640618e-7],[3,0.010485702158486737,0.0020668711442740463,0.007939853678367805,0.9999113644806138],[1,1.1998256986737148,0.22731409028935473,0.9122816102397723]],[2,"mixamorig:Head",18,[[4,"mixamorig:HeadTop_End",-25,[0,"9bTPgHB15bjoARwSLIP23e",null,null,null,1,0],[1,0,0.4439069926738739,0.0029039999935775995]]],[0,"0fSw0CKLZVKY/lbXdp5E4L",null,null,null,1,0],[1,-8.881783998477905e-18,0.06552200019359589,0.00042899997788481414],[3,0.05174440625384374,-0.018190116067652144,0.0480717430552253,0.9973368255602091],[1,6.05187977262056,-2.3751174408867564,5.394052251762917]],[1,"mixamorig:RightShoulder",3,[-26],[0,"61zPtCm6ZQNacJ9BmqE+CG",null,null,null,1,0],[1,-0.08789899945259094,0.10783987492322922,-0.0001502911763964221],[3,0.6408933993747485,-0.3807312844159951,0.5015494224743313,0.4390302000096241],[1,108.9632178412391,-78.04057934639049,-2.7297812235673242]],[1,"mixamorig:RightArm",20,[-27],[0,"d2MuhIAklQj5lsNQPuv32E",null,null,null,1,0],[1,-5.164837943993916e-7,0.18503962457180023,-8.147019343596185e-7],[3,0.42253779801764213,-0.16075756931598228,-0.15708488016549013,0.8780336859012944],[1,49.35773428491229,-9.44529317610171,-24.31191813737399]],[2,"mixamorig:RightForeArm",21,[[4,"mixamorig:RightHand",-28,[0,"bbzl3gqxhYeYComn4LK2zY",null,null,null,1,0],[1,-8.284034151984088e-7,0.20398245751857758,-6.713101470268157e-7]]],[0,"edJkqBwu1W/pSgRdqP4I9k",null,null,null,1,0],[1,7.460175197593344e-7,0.2261360138654709,7.079494253048324e-7],[3,0.0007298162031913509,-0.00006175874973817873,-0.26783445262141786,0.9634646695873971],[1,0.09185890756231628,0.018190540704982668,-31.070885475105985]]],0,[0,2,1,0,1,1,0,-1,4,0,-2,2,0,-1,5,0,-2,9,0,-3,13,0,-1,15,0,-2,18,0,-3,20,0,1,4,0,-1,6,0,-1,7,0,-1,8,0,0,8,0,-1,10,0,-1,11,0,-1,12,0,0,12,0,-1,14,0,-1,16,0,-1,17,0,0,17,0,-1,19,0,0,19,0,-1,21,0,-1,22,0,0,22,0,3,1,3,0,14,28],[0,0,0],[-1,4,5],[0,1,2]],[[[16,"CharacterSkin_Mesh",[{"rasterizerState":{},"blendState":{"targets":[{}]},"depthStencilState":{}}],[{"USE_ALBEDO_MAP":true,"DCC_APP_NAME":0}],[[[{"albedoScale":1,"emissiveScale":1},"mainColor",8,[4,4294967295],"emissive",8,[4,4278190080],"mainTexture",6,0]],11]]],0,0,[0,0],[6,7],[3,4]]]]
