[1,["7dZKxHit1DIJxiGkDhIuN7@762bb","c9kcykxXZLQIGpHB5v7WnI@b88e6","12Y9dMgWdJKJGmTiZyQR9H@2e76e","d3Brmjy0FA76dn/1yMknml","d0MqyYBeFAkIi762QNy1/B@b47c0","6fAc9/gb9Kfr1dCvwZaWSA@b47c0","c89m0XNRpI2qEsAhLShXXE","84B+Q5netEu5EIY1w/9Vae@0f08a","84B+Q5netEu5EIY1w/9Vae@a62fe","84B+Q5netEu5EIY1w/9Vae@438fe","7dZKxHit1DIJxiGkDhIuN7@de89e","7dZKxHit1DIJxiGkDhIuN7@b8760","7dZKxHit1DIJxiGkDhIuN7@f3270","7dZKxHit1DIJxiGkDhIuN7@17ff3","7dZKxHit1DIJxiGkDhIuN7@fdb55","7dZKxHit1DIJxiGkDhIuN7@72616","7dZKxHit1DIJxiGkDhIuN7@19b8d","7dZKxHit1DIJxiGkDhIuN7@c6aeb","7dZKxHit1DIJxiGkDhIuN7@ca7e4","7dZKxHit1DIJxiGkDhIuN7@6ab0b","7dZKxHit1DIJxiGkDhIuN7@925cf","7dZKxHit1DIJxiGkDhIuN7@afcf9","7dZKxHit1DIJxiGkDhIuN7@71347","7dZKxHit1DIJxiGkDhIuN7@eb5f7","7dZKxHit1DIJxiGkDhIuN7@11a5f","7dZKxHit1DIJxiGkDhIuN7@cede4","7dZKxHit1DIJxiGkDhIuN7@5e5ff","7dZKxHit1DIJxiGkDhIuN7@0ade4","7dZKxHit1DIJxiGkDhIuN7@56974","7dZKxHit1DIJxiGkDhIuN7@7cf1a","7dZKxHit1DIJxiGkDhIuN7@fc09b","7dZKxHit1DIJxiGkDhIuN7@5b38f","7dZKxHit1DIJxiGkDhIuN7@c6948","7dZKxHit1DIJxiGkDhIuN7@d3059","7dZKxHit1DIJxiGkDhIuN7@b84cf","7dZKxHit1DIJxiGkDhIuN7@62903","7dZKxHit1DIJxiGkDhIuN7@61b59","7dZKxHit1DIJxiGkDhIuN7@d9854","7dZKxHit1DIJxiGkDhIuN7@5cab8","7dZKxHit1DIJxiGkDhIuN7@eeb97","7dZKxHit1DIJxiGkDhIuN7@cead7","f2/aIu+sNEfKiHb+PDlEL2@21fb0"],["_parent","node","root","_mesh","target","scene","asset","_envmapHDR","_envmapLDR","_effectAsset","data","_skeleton","_defaultClip"],[["cc.Node",["_name","_id","_objFlags","__editorExtras__","_active","_parent","_prefab","_lpos","_lrot","_euler","_components","_children","_lscale"],-2,1,4,5,5,5,9,2,5],"cc.ImageAsset","cc.TextureCube",["cc.Mesh",["_native","_hash","_struct"],1,11],["cc.Skeleton",["_name","_hash","_joints","_bindposes"],0,12],["cc.SceneAsset",["_name"],2],["cc.Scene",["_name","_children","_prefab","_globals"],2,2,4,4],["cc.PrefabInfo",["root","asset","fileId","instance","targetOverrides","nestedPrefabInstanceRoots"],-2,2],["cc.PrefabInfo",["fileId","targetOverrides","nestedPrefabInstanceRoots","root","instance","asset"],0,1,4,6],["cc.PrefabInfo",["fileId","instance","targetOverrides","nestedPrefabInstanceRoots","root","asset"],-1,1,1],["cc.SceneGlobals",["ambient","shadows","_skybox","fog","octree","skin","lightProbeInfo","postSettings"],3,4,4,4,4,4,4,4,4],["cc.AmbientInfo",["_skyIllumLDR","_skyColorHDR","_groundAlbedoHDR","_skyColorLDR","_groundAlbedoLDR"],2,5,5,5,5],["cc.ShadowsInfo",["_shadowColor"],3,5],["cc.SkyboxInfo",["_envmapHDR","_envmapLDR"],3,6,6],["cc.FogInfo",["_fogStart","_accurate","_fogColor"],1,5],["cc.OctreeInfo",[],3],["cc.SkinInfo",[],3],["cc.LightProbeInfo",[],3],["cc.PostSettingsInfo",[],3],["cc.TargetInfo",["localID"],2],["cc.Node",["_name","_parent","_children","_prefab","_lpos","_lrot","_euler"],2,1,9,4,5,5,5],["cc.PrefabInstance",["fileId","prefabRootNode","propertyOverrides"],1,9],["CCPropertyOverrideInfo",["value","propertyPath","targetInfo"],1,1],["CCPropertyOverrideInfo",["propertyPath","targetInfo","value"],2,1,8],["cc.DirectionalLight",["node","_color","_staticSettings"],3,1,5,4],["cc.StaticLightSettings",[],3],["cc.Camera",["_fov","_visibility","node","_color"],1,1,5],["cc.MeshRenderer",["_name","node","_materials","bakeSettings","_mesh"],2,1,3,4,6],["cc.ModelBakeSettings",[],3],["cc.EffectAsset",["_name","combinations","shaders","techniques"],-1],["cc.Material",["_name","_states","_defines","_props"],0,12],["cc.Prefab",["_name"],2],["cc.SkeletalAnimation",["playOnLoad","node","__prefab","_clips","_sockets","_defaultClip"],2,1,4,3,9,6],["cc.CompPrefabInfo",["fileId"],2],["cc.SkeletalAnimation.Socket",["path","target"],2,1],["cc.SkinnedMeshRenderer",["_shadowCastingMode","_shadowReceivingMode","node","__prefab","_materials","bakeSettings","_skinningRoot","_mesh","_skeleton"],1,1,4,3,4,1,6,6]],[[9,0,1,2,3,4,5,5],[0,0,5,11,6,7,8,9,2],[20,0,1,2,3,4,5,6,2],[0,0,5,6,7,2],[23,0,1,2,2],[3,0,1,2,3],[0,0,1,5,10,7,8,9,3],[28,1],[33,0,2],[34,0,1,2],[4,0,1,2,3,4],[5,0,2],[6,0,1,2,3,2],[7,0,1,2,3,4,5,6],[8,0,1,2,3,4,5,4],[10,0,1,2,3,4,5,6,7,1],[11,0,1,2,3,4,2],[12,0,1],[13,0,1,1],[14,0,1,2,3],[15,1],[16,1],[17,1],[18,1],[19,0,2],[0,2,3,5,6,3],[0,0,4,1,5,10,12,4],[0,0,11,10,6,2],[0,0,11,6,7,8,9,2],[0,0,5,6,2],[0,0,5,6,8,9,2],[0,0,5,6,7,8,9,2],[0,0,5,10,6,2],[21,0,1,2,3],[22,0,1,2,3],[24,0,1,2,1],[25,1],[26,0,1,2,3,3],[27,0,1,2,3,4,2],[29,0,1,2,3,5],[30,0,1,2,3,4],[31,0,2],[32,0,1,2,3,4,5,2],[35,0,1,2,3,4,5,6,7,8,3]],[[[[5,".bin",2489017538,[{"primitives":[{"primitiveMode":7,"vertexBundelIndices":[0],"indexView":{"offset":6776,"length":1200,"count":600,"stride":2}}],"vertexBundles":[{"view":{"offset":0,"length":6776,"count":121,"stride":56},"attributes":[{"name":"a_position","format":32,"isNormalized":false},{"name":"a_normal","format":32,"isNormalized":false},{"name":"a_texCoord","format":21,"isNormalized":false},{"name":"a_tangent","format":44,"isNormalized":false},{"name":"a_texCoord1","format":21,"isNormalized":false}]}]},"minPosition",8,[1,-5,0,-5],"maxPosition",8,[1,5,0,5]]],-1],0,0,[],[],[]],[[[10,"Skin-0",653927305,["mixamorig:Hips/mixamorig:Spine/mixamorig:Spine1/mixamorig:Spine2/mixamorig:Neck/mixamorig:Head","mixamorig:Hips/mixamorig:Spine/mixamorig:Spine1/mixamorig:Spine2/mixamorig:Neck","mixamorig:Hips/mixamorig:Spine/mixamorig:Spine1/mixamorig:Spine2","mixamorig:Hips/mixamorig:RightUpLeg/mixamorig:RightLeg","mixamorig:Hips/mixamorig:RightUpLeg/mixamorig:RightLeg/mixamorig:RightFoot","mixamorig:Hips/mixamorig:RightUpLeg/mixamorig:RightLeg/mixamorig:RightFoot/mixamorig:RightToeBase","mixamorig:Hips/mixamorig:RightUpLeg","mixamorig:Hips","mixamorig:Hips/mixamorig:LeftUpLeg","mixamorig:Hips/mixamorig:Spine/mixamorig:Spine1/mixamorig:Spine2/mixamorig:RightShoulder","mixamorig:Hips/mixamorig:Spine/mixamorig:Spine1/mixamorig:Spine2/mixamorig:RightShoulder/mixamorig:RightArm","mixamorig:Hips/mixamorig:Spine","mixamorig:Hips/mixamorig:Spine/mixamorig:Spine1","mixamorig:Hips/mixamorig:Spine/mixamorig:Spine1/mixamorig:Spine2/mixamorig:RightShoulder/mixamorig:RightArm/mixamorig:RightForeArm","mixamorig:Hips/mixamorig:Spine/mixamorig:Spine1/mixamorig:Spine2/mixamorig:RightShoulder/mixamorig:RightArm/mixamorig:RightForeArm/mixamorig:RightHand","mixamorig:Hips/mixamorig:LeftUpLeg/mixamorig:LeftLeg","mixamorig:Hips/mixamorig:Spine/mixamorig:Spine1/mixamorig:Spine2/mixamorig:LeftShoulder","mixamorig:Hips/mixamorig:Spine/mixamorig:Spine1/mixamorig:Spine2/mixamorig:LeftShoulder/mixamorig:LeftArm","mixamorig:Hips/mixamorig:Spine/mixamorig:Spine1/mixamorig:Spine2/mixamorig:LeftShoulder/mixamorig:LeftArm/mixamorig:LeftForeArm","mixamorig:Hips/mixamorig:Spine/mixamorig:Spine1/mixamorig:Spine2/mixamorig:LeftShoulder/mixamorig:LeftArm/mixamorig:LeftForeArm/mixamorig:LeftHand","mixamorig:Hips/mixamorig:LeftUpLeg/mixamorig:LeftLeg/mixamorig:LeftFoot/mixamorig:LeftToeBase","mixamorig:Hips/mixamorig:LeftUpLeg/mixamorig:LeftLeg/mixamorig:LeftFoot"],[[[7,0.9999998807907104,-1.4460967534546398e-8,3.637981249582367e-9,0,1.4460973751795336e-8,0.9999994039535522,-1.5025168609295037e-11,0,-3.6379808054931573e-9,1.5025211977381936e-11,1,0,-0.002406967105343938,-1.3609315156936646,0.0002699494652915746,1],[7,1.0000001192092896,5.1659299060702324e-8,1.746230005039706e-8,0,-5.1659323929698076e-8,0.9999996423721313,-1.1656557497019548e-8,0,-1.746230537946758e-8,1.165655394430587e-8,0.9999998807907104,0,-0.002407005988061428,-1.2289789915084839,-0.00006288286385824904,1],[7,1.0000001192092896,2.1827883944780524e-9,-1.1641530406336642e-8,0,-2.18636397875116e-9,1.0000001192092896,-0.00030716185574419796,0,1.1640866048878706e-8,0.0003071620885748416,0.9999994039535522,0,-0.002406936837360263,-1.1055035591125488,0.00031462317565456033,1],[7,-0.9983771443367004,-0.056945379823446274,0.0000053085391300555784,0,0.05694536119699478,-0.9983774423599243,0.00020354054868221283,0,-0.000006290767942118691,0.00020351263810880482,0.9999997019767761,0,-0.19343066215515137,0.3632272779941559,-0.00017008928989525884,1],[7,-0.9977065920829773,-0.03626536950469017,0.057149894535541534,0,0.05689963325858116,0.007895366288721561,0.9983493685722351,0,-0.03665672242641449,0.999310314655304,-0.005813781172037125,0,-0.1932944804430008,-0.007288961671292782,-0.00526205450296402,1],[7,-0.9982227087020874,0.01686815544962883,0.05714401230216026,0,0.05723896995186806,0.005203380715101957,0.9983469247817993,0,0.016542930155992508,0.9998434782028198,-0.00615965761244297,0,-0.19640184938907623,-0.05320166423916817,-0.0052436525002121925,1],[7,-0.9987534284591675,-0.04990140348672867,-8.730897782527336e-9,0,0.049901366233825684,-0.9987541437149048,0.00011066149454563856,0,-0.000005530879661819199,0.00011052319314330816,1,0,-0.19086366891860962,0.7629210948944092,-0.0001362785551464185,1],[7,1.0000001192092896,-1.4551914118143827e-9,3.4924596548080444e-8,0,1.4551917448812901e-9,0.9999998807907104,-6.664296927307108e-25,0,-3.492460010079412e-8,5.082197352653557e-17,1,0,-0.0024069685023278,-0.8173943758010864,0.00006354134529829025,1],[7,-0.9987539649009705,0.049901071935892105,6.983111688896315e-8,0,-0.04990067332983017,-0.9987459778785706,0.003996014595031738,0,0.00019947518012486398,0.003991032484918833,0.9999918937683105,0,0.19567134976387024,0.7626791000366211,-0.0021547379437834024,1],[7,-0.000139013965963386,-0.962989866733551,0.2695363461971283,0,-0.00030775569030083716,-0.26953619718551636,-0.9629901647567749,0,0.9999996423721313,-0.000216820408240892,-0.0002588964707683772,0,0.0003156082530040294,0.23877540230751038,1.183374285697937,1],[7,0.004044595640152693,-0.9999536275863647,-0.008736521005630493,0,0.0008632012759335339,0.008740079589188099,-0.9999614357948303,0,0.9999912977218628,0.004036898724734783,0.0008985114982351661,0,0.00009364811558043584,-0.2798269987106323,1.150948166847229,1],[7,1,1.0822987839276266e-8,1.5975328317626987e-15,0,-1.0822986062919426e-8,1.0000001192092896,-0.00030715676257386804,0,-3.3259506260208127e-12,0.0003071567916776985,1,0,-0.002406956860795617,-0.8997118473052979,0.00031459241290576756,1],[7,1,7.639756383071017e-9,1.5975172675322929e-15,0,-7.639755494892597e-9,1,-0.00030715312459506094,0,-2.3481724377438784e-12,0.0003071531536988914,0.9999998807907104,0,-0.00240695639513433,-0.9957478642463684,0.000314608245389536,1],[7,-0.0050926972180604935,-0.9999729990959167,-0.005245300009846687,0,0.0009430129430256784,0.005240562837570906,-0.9999855756759644,0,0.9999864101409912,-0.005097570829093456,0.0009162990609183908,0,-0.0046770297922194,-0.518027663230896,1.1527634859085083,1],[7,-0.005092696752399206,-0.9999729990959167,-0.005245300009846687,0,0.0009430128848180175,0.005240562837570906,-0.9999855756759644,0,0.9999862909317017,-0.005097570829093456,0.0009162991191260517,0,-0.004676819778978825,-0.7085127234458923,1.1527636051177979,1],[7,-0.9983770847320557,0.0569453239440918,0.0003194319433532655,0,-0.05694574490189552,-0.9983761310577393,-0.001603178447112441,0,0.00022761976288165897,-0.0016187680885195732,0.9999982118606567,0,0.19823689758777618,0.36295390129089355,-0.00011912157788174227,1],[7,0.0003102051850873977,0.9629912376403809,-0.26953279972076416,0,0.00030387163860723376,-0.2695328891277313,-0.9629912376403809,0,-0.9999995827674866,0.00021682155784219503,-0.0003762363630812615,0,-0.0003117034793831408,0.23413534462451935,1.1846723556518555,1],[7,0.00182352343108505,0.9999597072601318,0.008739628829061985,0,-0.00011980166163994,0.00873985979706049,-0.9999615550041199,0,-0.9999983310699463,0.0018224060768261552,0.000135734211653471,0,-0.00023869684082455933,-0.2846425473690033,1.150905966758728,1],[7,-0.0067376322112977505,0.9999634027481079,0.005241856910288334,0,-0.00019456713926047087,0.005240662954747677,-0.999986469745636,0,-0.9999767541885376,-0.006738562136888504,0.000159250499564223,0,0.004272368270903826,-0.52283775806427,1.1527420282363892,1],[7,-0.006737676449120045,0.9999634027481079,0.005241828504949808,0,-0.00019456708105280995,0.005240633152425289,-0.9999867081642151,0,-0.999976396560669,-0.006738608703017235,0.00015925051411613822,0,0.0042723179794847965,-0.713324785232544,1.152742624282837,1],[7,-0.9982213377952576,-0.016642838716506958,-0.05723974481225014,0,-0.057332076132297516,0.005126903299242258,0.9983423352241516,0,-0.016321776434779167,0.9998483061790466,-0.006071957293897867,0,0.20115308463573456,-0.05052725598216057,-0.004970072768628597,1],[7,-0.9976373314857483,0.037986915558576584,-0.057239677757024765,0,-0.056965429335832596,0.008263027295470238,0.9983423948287964,0,0.038396935909986496,0.9992430806159973,-0.006079573184251785,0,0.19808776676654816,-0.007724178023636341,-0.0049697021022439,1]],8,8,8,8,8,8,8,8,8,8,8,8,8,8,8,8,8,8,8,8,8,8]]],0,0,[],[],[]],[[[5,".bin",2012833267,[{"primitives":[{"primitiveMode":7,"jointMapIndex":0,"vertexBundelIndices":[0],"indexView":{"offset":78912,"length":13104,"count":6552,"stride":2}}],"vertexBundles":[{"view":{"offset":0,"length":78912,"count":1096,"stride":72},"attributes":[{"name":"a_position","format":32,"isNormalized":false},{"name":"a_normal","format":32,"isNormalized":false},{"name":"a_texCoord","format":21,"isNormalized":false},{"name":"a_tangent","format":44,"isNormalized":false},{"name":"a_joints","format":42,"isNormalized":false},{"name":"a_weights","format":44,"isNormalized":false}]}],"jointMaps":[[0,1,2,3,4,5,6,7,8,9,10,11,12,13,14,15,16,17,18,19,20,21]]},"minPosition",8,[1,-0.812272310256958,-0.013080334290862083,-0.23500294983386993],"maxPosition",8,[1,0.8134978413581848,1.7373653650283813,0.23627091944217682]]],-1],0,0,[],[],[]],[[[11,"main"],[12,"main",[-2,-3,-4,-5],[13,null,null,"b6b3a765-0ba9-462b-8c04-a418d3876424",null,[],[-1]],[15,[16,0.8,[2,0.8156862745098039,0.8784313725490196,1,0.520833125],[2,0.4196078431372549,0.4745098039215686,0.6274509803921569,1],[2,0.452588,0.607642,0.755699,0.8],[2,0.618555,0.577848,0.544564,0]],[17,[4,4283190348]],[18,3,4],[19,30,true,[4,4294967295]],[20],[21],[22],[23]]],[24,["76v8Q/dJBTvbqLzvJjdydw"]],[25,0,{},1,[14,"76v8Q/dJBTvbqLzvJjdydw",null,null,-6,[33,"b71v6wtHxMI7Pi0WX6UVnk",null,[[34,"Player1",["_name"],2],[4,["_lpos"],2,[1,0,0,0]],[4,["_lrot"],2,[3,0,0,0,1]],[4,["_euler"],2,[1,0,0,0]]]],2]],[6,"Main Light","c0y6F5f+pAvI805TdmxIjx",1,[[35,-7,[4,4292277503],[36]]],[1,-43.841,104.494,-75.934],[3,-0.875426098065593,0.109381654946615,0.23456971600980447,0.40821789367673483],[1,-130,30,0]],[6,"Main Camera","c9DMICJLFO5IeO07EPon7U",1,[[37,60,1822425087,-8,[4,4283091043]]],[1,-9.095,8.931,0.132],[3,-0.1879728444766157,-0.6816642940182286,-0.18797284447661566,0.6816642940182287],[1,-30.833,-90,0]],[26,"Plane",false,"0bYok7MqJKWZrLczyoW6I2",1,[[38,"Plane<ModelComponent>",-9,[0],[7],1]],[1,62.29,62.29,62.29]]],0,[0,-1,3,0,-1,4,0,-2,5,0,-3,6,0,-4,3,0,2,3,0,1,4,0,1,5,0,1,6,0,5,1,9],[0,0,0,0,0],[-1,3,6,7,8],[1,2,3,4,5]],[[[39,"builtin-standard",[{},{},{},{}],[{"hash":1961336405,"name":"builtin-standard|standard-vs|standard-fs","blocks":[{"name":"Constants","stageFlags":17,"binding":0,"members":[{"name":"tilingOffset","type":16,"count":1},{"name":"albedo","type":16,"count":1},{"name":"albedoScaleAndCutoff","type":16,"count":1},{"name":"pbrParams","type":16,"count":1},{"name":"emissive","type":16,"count":1},{"name":"emissiveScaleParam","type":16,"count":1},{"name":"anisotropyParam","type":16,"count":1}],"defines":[]}],"samplerTextures":[{"name":"albedoMap","type":28,"count":1,"stageFlags":16,"binding":1,"defines":["USE_ALBEDO_MAP"]},{"name":"normalMap","type":28,"count":1,"stageFlags":16,"binding":2,"defines":["USE_NORMAL_MAP"]},{"name":"pbrMap","type":28,"count":1,"stageFlags":16,"binding":3,"defines":["USE_PBR_MAP"]},{"name":"occlusionMap","type":28,"count":1,"stageFlags":16,"binding":4,"defines":["USE_OCCLUSION_MAP"]},{"name":"emissiveMap","type":28,"count":1,"stageFlags":16,"binding":5,"defines":["USE_EMISSIVE_MAP"]},{"name":"anisotropyMap","type":28,"count":1,"stageFlags":16,"binding":6,"defines":["IS_ANISOTROPY","USE_ANISOTROPY_MAP"]},{"name":"anisotropyMapNearestFilter","type":28,"count":1,"stageFlags":16,"binding":7,"defines":["IS_ANISOTROPY","USE_ANISOTROPY_MAP"]}],"samplers":[],"textures":[],"buffers":[],"images":[],"subpassInputs":[],"attributes":[{"name":"a_position","format":32,"location":0,"defines":[]},{"name":"a_normal","format":32,"location":1,"defines":[]},{"name":"a_texCoord","format":21,"location":2,"defines":[]},{"name":"a_tangent","format":44,"location":3,"defines":[]},{"name":"a_color","format":44,"location":6,"defines":["USE_VERTEX_COLOR"]},{"name":"a_texCoord1","format":21,"location":7,"defines":[]},{"name":"a_joints","location":4,"defines":["CC_USE_SKINNING"]},{"name":"a_weights","format":44,"location":5,"defines":["CC_USE_SKINNING"]},{"name":"a_jointAnimInfo","format":44,"isInstanced":true,"location":8,"defines":["USE_INSTANCING","CC_USE_BAKED_ANIMATION"]},{"name":"a_matWorld0","format":44,"isInstanced":true,"location":9,"defines":["USE_INSTANCING"]},{"name":"a_matWorld1","format":44,"isInstanced":true,"location":10,"defines":["USE_INSTANCING"]},{"name":"a_matWorld2","format":44,"isInstanced":true,"location":11,"defines":["USE_INSTANCING"]},{"name":"a_lightingMapUVParam","format":44,"isInstanced":true,"location":12,"defines":["USE_INSTANCING","CC_USE_LIGHTMAP"]},{"name":"a_localShadowBiasAndProbeId","format":44,"isInstanced":true,"location":13,"defines":["USE_INSTANCING"]},{"name":"a_reflectionProbeData","format":44,"isInstanced":true,"location":14,"defines":["USE_INSTANCING","CC_USE_REFLECTION_PROBE"]},{"name":"a_sh_linear_const_r","format":44,"isInstanced":true,"location":15,"defines":["USE_INSTANCING","CC_USE_LIGHT_PROBE"]},{"name":"a_sh_linear_const_g","format":44,"isInstanced":true,"location":16,"defines":["USE_INSTANCING","CC_USE_LIGHT_PROBE"]},{"name":"a_sh_linear_const_b","format":44,"isInstanced":true,"location":17,"defines":["USE_INSTANCING","CC_USE_LIGHT_PROBE"]},{"name":"a_vertexId","format":11,"location":18,"defines":["CC_USE_MORPH"]}],"fragColors":[{"name":"fragColorX","typename":"vec4","type":16,"count":1,"stageFlags":16,"location":0,"tags":[],"defines":[]},{"name":"albedoOut","typename":"vec4","type":16,"count":1,"stageFlags":16,"location":1,"tags":["CC_PIPELINE_TYPE"],"defines":["CC_PIPELINE_TYPE"]},{"name":"emissiveOut","typename":"vec4","type":16,"count":1,"stageFlags":16,"location":2,"defines":["CC_PIPELINE_TYPE"]},{"name":"normalOut","typename":"vec4","type":16,"count":1,"stageFlags":16,"location":3,"defines":["CC_PIPELINE_TYPE"]}],"descriptors":[{"rate":0,"blocks":[{"name":"CCLocal","stageFlags":17,"tags":{"builtin":"local"},"members":[{"name":"cc_matWorld","typename":"mat4","type":25,"count":1,"precision":"highp "},{"name":"cc_matWorldIT","typename":"mat4","type":25,"count":1,"precision":"highp "},{"name":"cc_lightingMapUVParam","typename":"vec4","type":16,"count":1,"precision":"highp "},{"name":"cc_localShadowBias","typename":"vec4","type":16,"count":1,"precision":"highp "},{"name":"cc_reflectionProbeData1","typename":"vec4","type":16,"count":1,"precision":"highp "},{"name":"cc_reflectionProbeData2","typename":"vec4","type":16,"count":1,"precision":"highp "},{"name":"cc_reflectionProbeBlendData1","typename":"vec4","type":16,"count":1,"precision":"highp "},{"name":"cc_reflectionProbeBlendData2","typename":"vec4","type":16,"count":1,"precision":"highp "}],"defines":["!USE_INSTANCING"]},{"name":"CCMorph","stageFlags":1,"tags":{"builtin":"local"},"members":[{"name":"cc_displacementWeights","typename":"vec4","type":16,"count":15,"isArray":true},{"name":"cc_displacementTextureInfo","typename":"vec4","type":16,"count":1}],"defines":["CC_USE_MORPH"]},{"name":"CCSkinningTexture","stageFlags":1,"tags":{"builtin":"local"},"members":[{"name":"cc_jointTextureInfo","typename":"vec4","type":16,"count":1,"precision":"highp "}],"defines":["CC_USE_SKINNING","CC_USE_BAKED_ANIMATION"]},{"name":"CCSkinningAnimation","stageFlags":1,"tags":{"builtin":"local"},"members":[{"name":"cc_jointAnimInfo","typename":"vec4","type":16,"count":1,"precision":"highp "}],"defines":["CC_USE_SKINNING","CC_USE_BAKED_ANIMATION"]},{"name":"CCSkinning","stageFlags":1,"tags":{"builtin":"local"},"members":[{"name":"cc_joints","typename":"vec4","type":16,"count":0,"precision":"highp ","isArray":true}],"defines":["CC_USE_SKINNING","!CC_USE_BAKED_ANIMATION","!CC_USE_REAL_TIME_JOINT_TEXTURE"]},{"name":"CCForwardLight","stageFlags":16,"tags":{"builtin":"local"},"members":[{"name":"cc_lightPos","typename":"vec4","type":16,"count":0,"precision":"highp ","isArray":true},{"name":"cc_lightColor","typename":"vec4","type":16,"count":0,"isArray":true},{"name":"cc_lightSizeRangeAngle","typename":"vec4","type":16,"count":0,"isArray":true},{"name":"cc_lightDir","typename":"vec4","type":16,"count":0,"isArray":true},{"name":"cc_lightBoundingSizeVS","typename":"vec4","type":16,"count":0,"isArray":true}],"defines":["CC_FORWARD_ADD","CC_ENABLE_CLUSTERED_LIGHT_CULLING"]},{"name":"CCSH","stageFlags":16,"tags":{"builtin":"local"},"members":[{"name":"cc_sh_linear_const_r","typename":"vec4","type":16,"count":1},{"name":"cc_sh_linear_const_g","typename":"vec4","type":16,"count":1},{"name":"cc_sh_linear_const_b","typename":"vec4","type":16,"count":1},{"name":"cc_sh_quadratic_r","typename":"vec4","type":16,"count":1},{"name":"cc_sh_quadratic_g","typename":"vec4","type":16,"count":1},{"name":"cc_sh_quadratic_b","typename":"vec4","type":16,"count":1},{"name":"cc_sh_quadratic_a","typename":"vec4","type":16,"count":1}],"defines":["CC_USE_LIGHT_PROBE","!USE_INSTANCING"]}],"samplerTextures":[{"name":"cc_PositionDisplacements","typename":"sampler2D","type":28,"count":1,"stageFlags":1,"tags":{"builtin":"local"},"defines":["CC_USE_MORPH","CC_MORPH_TARGET_HAS_POSITION"]},{"name":"cc_NormalDisplacements","typename":"sampler2D","type":28,"count":1,"stageFlags":1,"tags":{"builtin":"local"},"defines":["CC_USE_MORPH","CC_MORPH_TARGET_HAS_NORMAL"]},{"name":"cc_TangentDisplacements","typename":"sampler2D","type":28,"count":1,"stageFlags":1,"tags":{"builtin":"local"},"defines":["CC_USE_MORPH","CC_MORPH_TARGET_HAS_TANGENT"]},{"name":"cc_jointTexture","typename":"sampler2D","type":28,"count":1,"precision":"highp ","stageFlags":1,"tags":{"builtin":"local"},"defines":["CC_USE_SKINNING","CC_USE_BAKED_ANIMATION"]},{"name":"cc_realtimeJoint","typename":"sampler2D","type":28,"count":1,"precision":"highp ","stageFlags":1,"tags":{"builtin":"local"},"defines":["CC_USE_SKINNING","!CC_USE_BAKED_ANIMATION","CC_USE_REAL_TIME_JOINT_TEXTURE"]},{"name":"cc_reflectionProbeCubemap","typename":"samplerCube","type":31,"count":1,"stageFlags":16,"tags":{"builtin":"local"},"defines":["CC_USE_REFLECTION_PROBE"]},{"name":"cc_reflectionProbePlanarMap","typename":"sampler2D","type":28,"count":1,"stageFlags":16,"tags":{"builtin":"local"},"defines":["CC_USE_REFLECTION_PROBE"]},{"name":"cc_reflectionProbeDataMap","typename":"sampler2D","type":28,"count":1,"stageFlags":16,"tags":{"builtin":"local"},"defines":["CC_USE_REFLECTION_PROBE"]},{"name":"cc_reflectionProbeBlendCubemap","typename":"samplerCube","type":31,"count":1,"stageFlags":16,"tags":{"builtin":"local"},"defines":["CC_USE_REFLECTION_PROBE"]},{"name":"cc_lightingMap","typename":"sampler2D","type":28,"count":1,"stageFlags":16,"tags":{"builtin":"local"},"defines":["CC_USE_LIGHTMAP","!CC_FORWARD_ADD"]}],"samplers":[],"textures":[],"buffers":[],"images":[],"subpassInputs":[]},{"rate":1,"blocks":[{"name":"Constants","stageFlags":17,"binding":0,"members":[{"name":"tilingOffset","type":16,"count":1},{"name":"albedo","type":16,"count":1},{"name":"albedoScaleAndCutoff","type":16,"count":1},{"name":"pbrParams","type":16,"count":1},{"name":"emissive","type":16,"count":1},{"name":"emissiveScaleParam","type":16,"count":1},{"name":"anisotropyParam","type":16,"count":1}],"defines":[]}],"samplerTextures":[{"name":"albedoMap","type":28,"count":1,"stageFlags":16,"binding":1,"defines":["USE_ALBEDO_MAP"]},{"name":"normalMap","type":28,"count":1,"stageFlags":16,"binding":2,"defines":["USE_NORMAL_MAP"]},{"name":"pbrMap","type":28,"count":1,"stageFlags":16,"binding":3,"defines":["USE_PBR_MAP"]},{"name":"occlusionMap","type":28,"count":1,"stageFlags":16,"binding":4,"defines":["USE_OCCLUSION_MAP"]},{"name":"emissiveMap","type":28,"count":1,"stageFlags":16,"binding":5,"defines":["USE_EMISSIVE_MAP"]},{"name":"anisotropyMap","type":28,"count":1,"stageFlags":16,"binding":6,"defines":["IS_ANISOTROPY","USE_ANISOTROPY_MAP"]},{"name":"anisotropyMapNearestFilter","type":28,"count":1,"stageFlags":16,"binding":7,"defines":["IS_ANISOTROPY","USE_ANISOTROPY_MAP"]}],"samplers":[],"textures":[],"buffers":[],"images":[],"subpassInputs":[]},{"rate":2,"blocks":[],"samplerTextures":[],"samplers":[],"textures":[],"buffers":[],"images":[],"subpassInputs":[]},{"rate":3,"blocks":[{"name":"CCGlobal","stageFlags":17,"tags":{"builtin":"global"},"members":[{"name":"cc_time","typename":"vec4","type":16,"count":1,"precision":"highp "},{"name":"cc_screenSize","typename":"vec4","type":16,"count":1,"precision":"mediump "},{"name":"cc_nativeSize","typename":"vec4","type":16,"count":1,"precision":"mediump "},{"name":"cc_probeInfo","typename":"vec4","type":16,"count":1,"precision":"mediump "},{"name":"cc_debug_view_mode","typename":"vec4","type":16,"count":1,"precision":"mediump "}],"defines":[]},{"name":"CCCamera","stageFlags":17,"tags":{"builtin":"global"},"members":[{"name":"cc_matView","typename":"mat4","type":25,"count":1,"precision":"highp "},{"name":"cc_matViewInv","typename":"mat4","type":25,"count":1,"precision":"highp "},{"name":"cc_matProj","typename":"mat4","type":25,"count":1,"precision":"highp "},{"name":"cc_matProjInv","typename":"mat4","type":25,"count":1,"precision":"highp "},{"name":"cc_matViewProj","typename":"mat4","type":25,"count":1,"precision":"highp "},{"name":"cc_matViewProjInv","typename":"mat4","type":25,"count":1,"precision":"highp "},{"name":"cc_cameraPos","typename":"vec4","type":16,"count":1,"precision":"highp "},{"name":"cc_surfaceTransform","typename":"vec4","type":16,"count":1,"precision":"mediump "},{"name":"cc_screenScale","typename":"vec4","type":16,"count":1,"precision":"mediump "},{"name":"cc_exposure","typename":"vec4","type":16,"count":1,"precision":"mediump "},{"name":"cc_mainLitDir","typename":"vec4","type":16,"count":1,"precision":"mediump "},{"name":"cc_mainLitColor","typename":"vec4","type":16,"count":1,"precision":"mediump "},{"name":"cc_ambientSky","typename":"vec4","type":16,"count":1,"precision":"mediump "},{"name":"cc_ambientGround","typename":"vec4","type":16,"count":1,"precision":"mediump "},{"name":"cc_fogColor","typename":"vec4","type":16,"count":1,"precision":"mediump "},{"name":"cc_fogBase","typename":"vec4","type":16,"count":1,"precision":"mediump "},{"name":"cc_fogAdd","typename":"vec4","type":16,"count":1,"precision":"mediump "},{"name":"cc_nearFar","typename":"vec4","type":16,"count":1,"precision":"mediump "},{"name":"cc_viewPort","typename":"vec4","type":16,"count":1,"precision":"mediump "}],"defines":[]},{"name":"CCShadow","stageFlags":17,"tags":{"builtin":"global"},"members":[{"name":"cc_matLightView","typename":"mat4","type":25,"count":1,"precision":"highp "},{"name":"cc_matLightViewProj","typename":"mat4","type":25,"count":1,"precision":"highp "},{"name":"cc_shadowInvProjDepthInfo","typename":"vec4","type":16,"count":1,"precision":"highp "},{"name":"cc_shadowProjDepthInfo","typename":"vec4","type":16,"count":1,"precision":"highp "},{"name":"cc_shadowProjInfo","typename":"vec4","type":16,"count":1,"precision":"highp "},{"name":"cc_shadowNFLSInfo","typename":"vec4","type":16,"count":1,"precision":"mediump "},{"name":"cc_shadowWHPBInfo","typename":"vec4","type":16,"count":1,"precision":"mediump "},{"name":"cc_shadowLPNNInfo","typename":"vec4","type":16,"count":1,"precision":"mediump "},{"name":"cc_shadowColor","typename":"vec4","type":16,"count":1,"precision":"lowp "},{"name":"cc_planarNDInfo","typename":"vec4","type":16,"count":1,"precision":"mediump "}],"defines":[]},{"name":"CCCSM","stageFlags":16,"tags":{"builtin":"global"},"members":[{"name":"cc_csmViewDir0","typename":"vec4","type":16,"count":4,"precision":"highp ","isArray":true},{"name":"cc_csmViewDir1","typename":"vec4","type":16,"count":4,"precision":"highp ","isArray":true},{"name":"cc_csmViewDir2","typename":"vec4","type":16,"count":4,"precision":"highp ","isArray":true},{"name":"cc_csmAtlas","typename":"vec4","type":16,"count":4,"precision":"highp ","isArray":true},{"name":"cc_matCSMViewProj","typename":"mat4","type":25,"count":4,"precision":"highp ","isArray":true},{"name":"cc_csmProjDepthInfo","typename":"vec4","type":16,"count":4,"precision":"highp ","isArray":true},{"name":"cc_csmProjInfo","typename":"vec4","type":16,"count":4,"precision":"highp ","isArray":true},{"name":"cc_csmSplitsInfo","typename":"vec4","type":16,"count":1,"precision":"highp "}],"defines":["CC_SUPPORT_CASCADED_SHADOW_MAP"]}],"samplerTextures":[{"name":"cc_environment","typename":"samplerCube","type":31,"count":1,"stageFlags":16,"tags":{"builtin":"global"},"defines":[]},{"name":"cc_diffuseMap","typename":"samplerCube","type":31,"count":1,"stageFlags":16,"tags":{"builtin":"global"},"defines":["CC_USE_IBL","CC_USE_DIFFUSEMAP"]},{"name":"cc_shadowMap","typename":"sampler2D","type":28,"count":1,"precision":"highp ","stageFlags":16,"tags":{"builtin":"global"},"defines":["CC_RECEIVE_SHADOW"]},{"name":"cc_spotShadowMap","typename":"sampler2D","type":28,"count":1,"precision":"highp ","stageFlags":16,"tags":{"builtin":"global"},"defines":["CC_RECEIVE_SHADOW"]}],"samplers":[],"textures":[],"buffers":[],"images":[],"subpassInputs":[]}],"glsl3":{"vert":"\nprecision highp float;\n  #define CC_SURFACES_USE_SECOND_UV HAS_SECOND_UV\n  #define CC_SURFACES_USE_TWO_SIDED USE_TWOSIDE\n  #define CC_SURFACES_LIGHTING_ANISOTROPIC IS_ANISOTROPY\n  #define CC_SURFACES_USE_VERTEX_COLOR USE_VERTEX_COLOR\n#if IS_ANISOTROPY || USE_NORMAL_MAP\n  #define CC_SURFACES_USE_TANGENT_SPACE 1\n#endif\n  #define CC_SURFACES_LIGHTING_ANISOTROPIC_ENVCONVOLUTION_COUNT 31\n#ifndef CC_SURFACES_USE_SECOND_UV\n  #define CC_SURFACES_USE_SECOND_UV 0\n#endif\n#ifndef CC_SURFACES_USE_TANGENT_SPACE\n  #define CC_SURFACES_USE_TANGENT_SPACE 0\n#endif\n#ifndef CC_SURFACES_USE_VERTEX_COLOR\n  #define CC_SURFACES_USE_VERTEX_COLOR 0\n#endif\n#ifndef CC_SURFACES_TRANSFER_LOCAL_POS\n  #define CC_SURFACES_TRANSFER_LOCAL_POS 0\n#endif\n#ifndef CC_SURFACES_TRANSFER_CLIP_POS\n  #define CC_SURFACES_TRANSFER_CLIP_POS 0\n#endif\n#ifndef CC_SURFACES_USE_LIGHT_MAP\n  #ifdef CC_USE_LIGHTMAP\n    #define CC_SURFACES_USE_LIGHT_MAP CC_USE_LIGHTMAP\n  #else\n    #define CC_SURFACES_USE_LIGHT_MAP 0\n  #endif\n#endif\n#ifndef CC_SURFACES_FLIP_UV\n  #define CC_SURFACES_FLIP_UV 0\n#endif\n#ifndef CC_SURFACES_USE_TWO_SIDED\n  #define CC_SURFACES_USE_TWO_SIDED 0\n#endif\n#ifndef CC_SURFACES_USE_REFLECTION_DENOISE\n  #define CC_SURFACES_USE_REFLECTION_DENOISE 0\n#endif\n#ifndef CC_SURFACES_LIGHTING_ANISOTROPIC\n  #define CC_SURFACES_LIGHTING_ANISOTROPIC 0\n#endif\n#ifndef CC_SURFACES_LIGHTING_ANISOTROPIC_ENVCONVOLUTION_COUNT\n  #define CC_SURFACES_LIGHTING_ANISOTROPIC_ENVCONVOLUTION_COUNT 0\n#endif\n#ifndef CC_SURFACES_USE_LEGACY_COMPATIBLE_LIGHTING\n  #define CC_SURFACES_USE_LEGACY_COMPATIBLE_LIGHTING 0\n#endif\n#ifndef CC_SURFACES_LIGHTING_USE_FRESNEL\n  #define CC_SURFACES_LIGHTING_USE_FRESNEL 0\n#endif\n#ifndef CC_SURFACES_LIGHTING_TRANSMIT_SPECULAR\n  #define CC_SURFACES_LIGHTING_TRANSMIT_SPECULAR 0\n#endif\n#ifndef CC_SURFACES_LIGHTING_TRANSMIT_DIFFUSE\n  #define CC_SURFACES_LIGHTING_TRANSMIT_DIFFUSE 0\n#endif\n#ifndef CC_SURFACES_LIGHTING_USE_SHADOWMAP_TRANSMIT\n  #define CC_SURFACES_LIGHTING_USE_SHADOWMAP_TRANSMIT 0\n#endif\n#ifndef CC_SURFACES_LIGHTING_TRT\n  #define CC_SURFACES_LIGHTING_TRT 0\n#endif\n#ifndef CC_SURFACES_LIGHTING_DUAL_LOBE_SPECULAR\n  #define CC_SURFACES_LIGHTING_DUAL_LOBE_SPECULAR 0\n#endif\n#ifndef CC_SURFACES_LIGHTING_SHEEN\n  #define CC_SURFACES_LIGHTING_SHEEN 0\n#endif\n#ifndef CC_SURFACES_LIGHTING_CLEAR_COAT\n  #define CC_SURFACES_LIGHTING_CLEAR_COAT 0\n#endif\n#ifndef CC_SURFACES_LIGHTING_TT\n  #define CC_SURFACES_LIGHTING_TT 0\n#endif\n#ifndef CC_SURFACES_LIGHTING_SSS\n  #define CC_SURFACES_LIGHTING_SSS 0\n#endif\n#ifndef CC_SURFACES_LIGHTING_2ND_LAYER_SPECULAR\n  #if CC_SURFACES_LIGHTING_TRT || CC_SURFACES_LIGHTING_DUAL_LOBE_SPECULAR || CC_SURFACES_LIGHTING_SHEEN || CC_SURFACES_LIGHTING_CLEAR_COAT\n    #define CC_SURFACES_LIGHTING_2ND_LAYER_SPECULAR 1\n  #endif\n#endif\n#ifndef CC_SURFACES_LIGHTING_2ND_LAYER_SPECULAR\n  #define CC_SURFACES_LIGHTING_2ND_LAYER_SPECULAR 0\n#endif\n#ifndef CC_SURFACES_LIGHTING_USE_MULTIPLE_LAYER_BLEND\n  #if CC_SURFACES_LIGHTING_CLEAR_COAT\n    #define CC_SURFACES_LIGHTING_USE_MULTIPLE_LAYER_BLEND 1\n  #endif\n#endif\n#ifndef CC_SURFACES_LIGHTING_USE_MULTIPLE_LAYER_BLEND\n  #define CC_SURFACES_LIGHTING_USE_MULTIPLE_LAYER_BLEND 0\n#endif\n#ifndef CC_SURFACES_ENABLE_DEBUG_VIEW\n  #define CC_SURFACES_ENABLE_DEBUG_VIEW 1\n#endif\n#define CC_USE_SURFACE_SHADER 1\nin vec3 a_position;\nin vec3 a_normal;\nin vec2 a_texCoord;\n#if CC_SURFACES_USE_TANGENT_SPACE\n  in vec4 a_tangent;\n#endif\n#if CC_SURFACES_USE_VERTEX_COLOR\n  in vec4 a_color;\n#endif\n#if CC_SURFACES_USE_SECOND_UV || CC_USE_LIGHTMAP\n  in vec2 a_texCoord1;\n#endif\n#if CC_USE_SKINNING\n    in vec4 a_joints;\n  in vec4 a_weights;\n#endif\n#if USE_INSTANCING\n  #if CC_USE_BAKED_ANIMATION\n    in highp vec4 a_jointAnimInfo;\n  #endif\n  in vec4 a_matWorld0;\n  in vec4 a_matWorld1;\n  in vec4 a_matWorld2;\n  #if CC_USE_LIGHTMAP\n    in vec4 a_lightingMapUVParam;\n  #endif\n  #if CC_RECEIVE_SHADOW || CC_USE_REFLECTION_PROBE\n    in vec4 a_localShadowBiasAndProbeId;\n  #endif\n  #if CC_USE_REFLECTION_PROBE\n    in vec4 a_reflectionProbeData;\n  #endif\n  #if CC_USE_LIGHT_PROBE\n    in vec4 a_sh_linear_const_r;\n    in vec4 a_sh_linear_const_g;\n    in vec4 a_sh_linear_const_b;\n  #endif\n#endif\n#if CC_USE_MORPH\n    in float a_vertexId;\n#endif\n#define QUATER_PI         0.78539816340\n#define HALF_PI           1.57079632679\n#define PI                3.14159265359\n#define PI2               6.28318530718\n#define PI4               12.5663706144\n#define INV_QUATER_PI     1.27323954474\n#define INV_HALF_PI       0.63661977237\n#define INV_PI            0.31830988618\n#define INV_PI2           0.15915494309\n#define INV_PI4           0.07957747155\n#define EPSILON           1e-6\n#define EPSILON_LOWP      1e-4\n#define LOG2              1.442695\n#define EXP_VALUE         2.71828183\n#define FP_MAX            65504.0\n#define FP_SCALE          0.0009765625\n#define FP_SCALE_INV      1024.0\n#define GRAY_VECTOR       vec3(0.299, 0.587, 0.114)\n#define LIGHT_MAP_TYPE_DISABLED 0\n#define LIGHT_MAP_TYPE_ALL_IN_ONE 1\n#define LIGHT_MAP_TYPE_INDIRECT_OCCLUSION 2\n#define REFLECTION_PROBE_TYPE_NONE 0\n#define REFLECTION_PROBE_TYPE_CUBE 1\n#define REFLECTION_PROBE_TYPE_PLANAR 2\n#define REFLECTION_PROBE_TYPE_BLEND 3\n#define REFLECTION_PROBE_TYPE_BLEND_AND_SKYBOX 4\n#define LIGHT_TYPE_DIRECTIONAL 0.0\n#define LIGHT_TYPE_SPHERE 1.0\n#define LIGHT_TYPE_SPOT 2.0\n#define LIGHT_TYPE_POINT 3.0\n#define LIGHT_TYPE_RANGED_DIRECTIONAL 4.0\n#define IS_DIRECTIONAL_LIGHT(light_type) (abs(float(light_type) - float(LIGHT_TYPE_DIRECTIONAL)) < EPSILON_LOWP)\n#define IS_SPHERE_LIGHT(light_type) (abs(float(light_type) - float(LIGHT_TYPE_SPHERE)) < EPSILON_LOWP)\n#define IS_SPOT_LIGHT(light_type) (abs(float(light_type) - float(LIGHT_TYPE_SPOT)) < EPSILON_LOWP)\n#define IS_POINT_LIGHT(light_type) (abs(float(light_type) - float(LIGHT_TYPE_POINT)) < EPSILON_LOWP)\n#define IS_RANGED_DIRECTIONAL_LIGHT(light_type) (abs(float(light_type) - float(LIGHT_TYPE_RANGED_DIRECTIONAL)) < EPSILON_LOWP)\n#define TONE_MAPPING_ACES 0\n#define TONE_MAPPING_LINEAR 1\n#define SURFACES_MAX_TRANSMIT_DEPTH_VALUE 999999.0\n#ifndef CC_SURFACES_DEBUG_VIEW_SINGLE\n  #define CC_SURFACES_DEBUG_VIEW_SINGLE 1\n#endif\n#ifndef CC_SURFACES_DEBUG_VIEW_COMPOSITE_AND_MISC\n  #define CC_SURFACES_DEBUG_VIEW_COMPOSITE_AND_MISC 2\n#endif\nout highp vec3 v_worldPos;\nout vec4 v_normal;\nout vec2 v_uv;\n#if CC_SURFACES_USE_VERTEX_COLOR\n  out lowp vec4 v_color;\n#endif\n#if CC_SURFACES_USE_TANGENT_SPACE\n  out mediump vec4 v_tangent;\n#endif\n#if CC_SURFACES_USE_SECOND_UV\n  out mediump vec2 v_uv1;\n#endif\n#if CC_USE_LIGHTMAP && !CC_FORWARD_ADD\n  out mediump vec3 v_luv;\n#endif\n#if CC_RECEIVE_SHADOW || CC_USE_REFLECTION_PROBE\n  out mediump vec4 v_shadowBiasAndProbeId;\n#endif\n#if CC_USE_REFLECTION_PROBE && USE_INSTANCING\n  out mediump vec4 v_reflectionProbeData;\n#endif\n#if CC_USE_FOG != 4 && !CC_USE_ACCURATE_FOG\n  out mediump float v_fogFactor;\n#endif\n#if CC_SURFACES_TRANSFER_LOCAL_POS\n  out highp vec4 v_localPos;\n#endif\n#if CC_SURFACES_TRANSFER_CLIP_POS\n  out highp vec4 v_clipPos;\n#endif\n#if CC_USE_LIGHT_PROBE\n  #if USE_INSTANCING\n    out mediump vec4 v_sh_linear_const_r;\n    out mediump vec4 v_sh_linear_const_g;\n    out mediump vec4 v_sh_linear_const_b;\n  #endif\n#endif\n#define VSOutput_worldPos v_worldPos\n#define VSOutput_worldNormal v_normal.xyz\n#define VSOutput_faceSideSign v_normal.w\n#define VSOutput_texcoord v_uv\n#if CC_SURFACES_USE_VERTEX_COLOR\n  #define VSOutput_vertexColor v_color\n#endif\n#if CC_SURFACES_USE_TANGENT_SPACE\n  #define VSOutput_worldTangent v_tangent.xyz\n  #define VSOutput_mirrorNormal v_tangent.w\n#endif\n#if CC_SURFACES_USE_SECOND_UV\n  #define VSOutput_texcoord1 v_uv1\n#endif\n#if CC_USE_LIGHTMAP && !CC_FORWARD_ADD\n  #define VSOutput_lightMapUV v_luv\n#endif\n#if CC_RECEIVE_SHADOW\n  #define VSOutput_shadowBias v_shadowBiasAndProbeId.xy\n#endif\n#if CC_USE_REFLECTION_PROBE\n  #define VSOutput_reflectionProbeId v_shadowBiasAndProbeId.z\n  #if CC_USE_REFLECTION_PROBE == REFLECTION_PROBE_TYPE_BLEND || CC_USE_REFLECTION_PROBE == REFLECTION_PROBE_TYPE_BLEND_AND_SKYBOX\n    #define VSOutput_reflectionProbeBlendId v_shadowBiasAndProbeId.w\n  #endif\n  #if USE_INSTANCING\n    #define VSOutput_reflectionProbeData v_reflectionProbeData\n  #endif\n#endif\n#if CC_USE_FOG != 4 && !CC_USE_ACCURATE_FOG\n  #define VSOutput_fogFactor v_fogFactor\n#endif\n#if CC_SURFACES_TRANSFER_LOCAL_POS\n  #define VSOutput_localPos v_localPos\n#endif\n#if CC_SURFACES_TRANSFER_CLIP_POS\n  #define VSOutput_clipPos v_clipPos\n#endif\nstruct SurfacesStandardVertexIntermediate\n{\n  highp vec4 position;\n  vec3 normal;\n#if CC_SURFACES_USE_TANGENT_SPACE\n  vec4 tangent;\n#endif\n#if CC_SURFACES_USE_VERTEX_COLOR\n  vec4 color;\n#endif\n  vec2 texCoord;\n#if CC_SURFACES_USE_SECOND_UV\n  vec2 texCoord1;\n#endif\n  highp vec4 clipPos;\n  highp vec3 worldPos;\n  vec4 worldNormal;\n  #if CC_SURFACES_USE_TANGENT_SPACE\n    vec3 worldTangent, worldBinormal;\n  #endif\n#if CC_RECEIVE_SHADOW || CC_USE_REFLECTION_PROBE\n  vec4 shadowBiasAndProbeId;\n#endif\n#if CC_USE_FOG != 4 && !CC_USE_ACCURATE_FOG\n  float fogFactor;\n#endif\n#if CC_USE_LIGHTMAP && !CC_FORWARD_ADD\n  vec3 lightmapUV;\n#endif\n};\n#if CC_USE_MORPH\n    int getVertexId() {\n      return int(a_vertexId);\n    }\n#endif\nlayout(std140) uniform CCGlobal {\n  highp   vec4 cc_time;\n  mediump vec4 cc_screenSize;\n  mediump vec4 cc_nativeSize;\n  mediump vec4 cc_probeInfo;\n  mediump vec4 cc_debug_view_mode;\n};\nlayout(std140) uniform CCCamera {\n  highp   mat4 cc_matView;\n  highp   mat4 cc_matViewInv;\n  highp   mat4 cc_matProj;\n  highp   mat4 cc_matProjInv;\n  highp   mat4 cc_matViewProj;\n  highp   mat4 cc_matViewProjInv;\n  highp   vec4 cc_cameraPos;\n  mediump vec4 cc_surfaceTransform;\n  mediump vec4 cc_screenScale;\n  mediump vec4 cc_exposure;\n  mediump vec4 cc_mainLitDir;\n  mediump vec4 cc_mainLitColor;\n  mediump vec4 cc_ambientSky;\n  mediump vec4 cc_ambientGround;\n  mediump vec4 cc_fogColor;\n  mediump vec4 cc_fogBase;\n  mediump vec4 cc_fogAdd;\n  mediump vec4 cc_nearFar;\n  mediump vec4 cc_viewPort;\n};\nlayout(std140) uniform CCShadow {\n  highp mat4 cc_matLightView;\n  highp mat4 cc_matLightViewProj;\n  highp vec4 cc_shadowInvProjDepthInfo;\n  highp vec4 cc_shadowProjDepthInfo;\n  highp vec4 cc_shadowProjInfo;\n  mediump vec4 cc_shadowNFLSInfo;\n  mediump vec4 cc_shadowWHPBInfo;\n  mediump vec4 cc_shadowLPNNInfo;\n  lowp vec4 cc_shad