[1,["8d6HEQ2w5LBIz8ozCXX1sM@b8760","ed8QMEXdpOhY/fJp8S/8Tc@e8c23","ed8QMEXdpOhY/fJp8S/8Tc@a62fe","ed8QMEXdpOhY/fJp8S/8Tc@438fe","8d6HEQ2w5LBIz8ozCXX1sM@de89e","8d6HEQ2w5LBIz8ozCXX1sM@f3270","8d6HEQ2w5LBIz8ozCXX1sM@17ff3","8d6HEQ2w5LBIz8ozCXX1sM@fdb55","8d6HEQ2w5LBIz8ozCXX1sM@72616","8d6HEQ2w5LBIz8ozCXX1sM@19b8d","8d6HEQ2w5LBIz8ozCXX1sM@c6aeb","8d6HEQ2w5LBIz8ozCXX1sM@ca7e4","8d6HEQ2w5LBIz8ozCXX1sM@6ab0b","8d6HEQ2w5LBIz8ozCXX1sM@925cf","8d6HEQ2w5LBIz8ozCXX1sM@afcf9","8d6HEQ2w5LBIz8ozCXX1sM@71347","8d6HEQ2w5LBIz8ozCXX1sM@eb5f7","8d6HEQ2w5LBIz8ozCXX1sM@11a5f","8d6HEQ2w5LBIz8ozCXX1sM@cede4","8d6HEQ2w5LBIz8ozCXX1sM@5e5ff","8d6HEQ2w5LBIz8ozCXX1sM@0ade4","8d6HEQ2w5LBIz8ozCXX1sM@56974","8d6HEQ2w5LBIz8ozCXX1sM@762bb","8d6HEQ2w5LBIz8ozCXX1sM@7cf1a","8d6HEQ2w5LBIz8ozCXX1sM@fc09b","8d6HEQ2w5LBIz8ozCXX1sM@5b38f","8d6HEQ2w5LBIz8ozCXX1sM@c6948","8d6HEQ2w5LBIz8ozCXX1sM@d3059","8d6HEQ2w5LBIz8ozCXX1sM@b84cf","8d6HEQ2w5LBIz8ozCXX1sM@62903","8d6HEQ2w5LBIz8ozCXX1sM@61b59","8d6HEQ2w5LBIz8ozCXX1sM@d9854","8d6HEQ2w5LBIz8ozCXX1sM@5cab8","8d6HEQ2w5LBIz8ozCXX1sM@eeb97","8d6HEQ2w5LBIz8ozCXX1sM@cead7","f2/aIu+sNEfKiHb+PDlEL2@21fb0","ed8QMEXdpOhY/fJp8S/8Tc@4f17a","f6SJZOjTJB/JrJeh5xTdF7"],["_parent","target","node","root","data","_mesh","_skeleton","_defaultClip","mainTexture","_effectAsset"],[["cc.Node",["_name","_prefab","_parent","_lpos","_lrot","_euler","_children","_components","_lscale"],2,4,1,5,5,5,2,9,5],["cc.Prefab",["_name"],2],["cc.Node",["_name","_parent","_children","_prefab","_lpos","_lrot","_euler"],2,1,9,4,5,5,5],["cc.SkeletalAnimation",["playOnLoad","node","__prefab","_clips","_sockets","_defaultClip"],2,1,4,3,9,6],["cc.CompPrefabInfo",["fileId"],2],["cc.SkeletalAnimation.Socket",["path","target"],2,1],["cc.PrefabInfo",["fileId","instance","targetOverrides","nestedPrefabInstanceRoots","root","asset"],-1,1,1],["cc.SkinnedMeshRenderer",["_shadowCastingMode","_shadowReceivingMode","node","__prefab","_materials","bakeSettings","_skinningRoot","_mesh","_skeleton"],1,1,4,3,4,1,6,6],["cc.ModelBakeSettings",[],3],["cc.Skeleton",["_name","_hash","_joints","_bindposes"],0,12],["cc.Mesh",["_native","_hash","_struct"],1,11],["cc.Material",["_name","_states","_defines","_props"],0,12]],[[6,0,1,2,3,4,5,5],[0,0,2,6,1,3,4,5,2],[2,0,1,2,3,4,5,6,2],[0,0,2,1,3,4,5,2],[0,0,2,6,1,3,4,8,5,2],[0,0,2,1,3,2],[4,0,2],[5,0,1,2],[1,0,2],[0,0,6,7,1,2],[0,0,6,1,3,4,5,2],[0,0,2,1,2],[0,0,2,1,4,5,2],[0,0,2,7,1,2],[3,0,1,2,3,4,5,2],[7,0,1,2,3,4,5,6,7,8,3],[8,1],[9,0,1,2,3,4],[10,0,1,2,3],[11,0,1,2,3,4]],[[[[8,"Player6"],[9,"Player6",[-5,-6,-7,-8],[[14,true,-4,[6,"8e3fYb3H9X6bZXxg+y/p4k"],[3,4,5,6,7,8,9,10,11,12,13,14,15,16,17,18,19,20,21,22,23,24,25,26,27,28,29,30,31,32,33,34,35],[[7,"mixamorig:Hips/mixamorig:Spine/mixamorig:Spine1/mixamorig:Spine2/mixamorig:LeftShoulder/mixamorig:LeftArm/mixamorig:LeftForeArm/mixamorig:LeftHand",-2],[7,"mixamorig:Hips/mixamorig:Spine/mixamorig:Spine1/mixamorig:Spine2/mixamorig:RightShoulder/mixamorig:RightArm/mixamorig:RightForeArm/mixamorig:RightHand",-3]],36]],[0,"05LfW1dh1dZ5SYX3/2MqdQ",null,null,null,-1,0]],[1,"mixamorig:Hips",1,[-9,-10,-11],[0,"68sTRT3SlQ15ffvuWJqjHL",null,null,null,1,0],[1,0.0362883061170578,0.7518632411956787,-0.014272555708885193],[3,-0.01675433274620195,-0.03741012845160564,-0.024442219838804746,0.998860527057114],[1,-2.0252128506813247,-4.337977516186498,-2.726885994116721]],[10,"mixamorig:Spine2",[-12,-13,-14],[0,"5dIHjvhRVfEaT6z9iSUDBZ",null,null,null,1,0],[1,4.440891999238953e-18,0.11936831474304199,-1.8954560232486983e-7],[3,0.01589856152285572,-0.018579841148267582,-0.0031945606135990105,0.9996958637640228],[1,1.8148329770293548,-2.123163001293843,-0.39981110617478083]],[2,"mixamorig:RightHand Socket",1,[[11,"weaponslot2",-15,[0,"50mmy3QCpLH6txauWoq2Ne",null,null,null,1,0]],[12,"weaponslot3",-16,[0,"27nLlM8tRPPKDZB5NTzWsm",null,null,null,1,0],[3,-0.3856480977666705,-0.5444709008904718,-0.4624726130673359,0.5839058699269404],[1,-73.93105640228511,-91.19239211403449,-6.8997560803210085]]],[0,"33rwEs21VDVpn+mSlHKelo",null,null,null,1,0],[1,-0.29558397566265915,0.7414353599440453,0.0982238939437808],[3,0.860808893981562,0.09371560363678878,0.4370078312642478,0.24341251839515232],[1,158.68158016588032,-49.646933826888116,21.968006542610922]],[2,"mixamorig:LeftHand Socket",1,[[3,"weaponslot1",-17,[0,"dbEtN9lFFK3YSCJO+bsI/G",null,null,null,1,0],[1,-0.06360758841037739,0.11355540156364397,0.08590742200613022],[3,-0.49671633915098284,0.6706784216795055,0.10036502552912871,0.5416550514529246],[1,-54.131915873947214,84.45362817058944,-33.88635424087911]]],[0,"782O9uOalE/IKoMoYsoUAF",null,null,null,1,0],[1,0.3632151494832044,0.7123932248603452,0.14276968346570218],[3,0.8685551311815141,-0.13796905428981662,-0.4266743895526284,0.21101066624643408],[1,164.08984909511693,48.80258976309396,-24.817741567818107]],[13,"Character_Man",1,[[15,1,0,-18,[6,"8dTSvqdtpSFKTYTLb7fW3v"],[0],[16],1,1,2]],[0,"05Wh26j+pauJPnGh5Fu3I9",null,null,null,1,0]],[4,"mixamorig:LeftUpLeg",2,[-19],[0,"57YpLYbSRUNrMMfpkRN8wg",null,null,null,1,0],[1,0.15734100341796875,-0.04977399855852127,-0.004000000189989805],[3,0.038484446186409976,0.1085882321285932,0.9932515487499568,-0.013375505624989237],[1,0.9999368786811829,0.9999995231628418,0.9999997615814209],[1,-167.48023945733183,-175.447790558953,-1.043560942824714]],[1,"mixamorig:LeftLeg",7,[-20],[0,"04CrTBVHNcqIpVVK/Ca5cp",null,null,null,1,0],[1,8.456277100776788e-7,0.36639639735221863,-9.881007656531438e-8],[3,-0.3077005220418084,-0.07893253303738851,0.027312827008632856,0.9478101357573132],[1,-35.58492113980768,-7.671405777301753,5.759320303223829]],[1,"mixamorig:LeftFoot",8,[-21],[0,"1d/vXXrKhSlrESwPiq5wS1",null,null,null,1,0],[1,8.68072675075382e-7,0.34785178303718567,-6.204544433785486e-7],[3,0.8273173947987414,-0.06980956906320969,0.06288488043018542,0.553821310662486],[1,112.1612150461781,-10.461020615105683,-2.6282406667039906]],[2,"mixamorig:LeftToeBase",9,[[3,"mixamorig:LeftToe_End",-22,[0,"5fTGeikRpZhLQp7hhZpQns",null,null,null,1,0],[1,-1.3809639654027706e-7,0.05282822996377945,-5.6846317875169916e-8],[3,-5.267439457494266e-8,0.000043088006310426714,9.581362965232804e-7,0.9999999990712516],[1,-0.000006040771808376291,0.004937521825758975,0.00010979407179528166]]],[0,"8bhGC5/q5VQax5T5Fg9ja3",null,null,null,1,0],[1,9.018700666274526e-7,0.055052611976861954,-6.806151731097998e-8],[3,-0.0002945414982682959,0.000021498104231151894,-0.009112392389240002,0.9999584376803278],[1,-0.033733722446091616,0.00215619578468151,-1.0442183820833109]],[4,"mixamorig:RightUpLeg",2,[-23],[0,"34gg4KeTRb2IhL8hHym7vm",null,null,null,1,0],[1,-0.15734100341796875,-0.04977399855852127,-0.001025000005029142],[3,-0.1313683963599117,0.0846925959022506,0.9863096302432173,0.05256255251270923],[1,0.9999377727508545,0.999999463558197,0.9999987483024597],[1,-169.54407477171353,164.39901633271776,4.670999299127152]],[1,"mixamorig:RightLeg",11,[-24],[0,"c5q0Nvo/FWuY6EshvJyTeg",null,null,null,1,0],[1,-7.503253414142819e-7,0.3664073944091797,4.1891578916875005e-7],[3,-0.18967864290109004,0.03446562655947045,-0.030902268972319787,0.9807543947316404],[1,-21.773273457487573,3.212192624053588,-4.225948420946874]],[4,"mixamorig:RightFoot",12,[-25],[0,"7e2qi6MsdREJNGREJtzqXU",null,null,null,1,0],[1,-0.0000010978279760820442,0.34785735607147217,6.962490033401991e-7],[3,0.7525790412384582,0.054684118007801416,0.0351833406786799,0.6552835771366468],[1,1.000001311302185,0.9999989867210388,1.0000001192092896],[1,97.8369901689462,1.081059948041816,7.3782056858780765]],[2,"mixamorig:RightToeBase",13,[[3,"mixamorig:RightToe_End",-26,[0,"18YxhrQNhRPJlm60ucheQV",null,null,null,1,0],[1,-0.000001298211827815976,0.05426178500056267,6.870972697470279e-7],[3,2.290907552500064e-8,0.000006523318006517676,4.252857763640426e-7,0.9999999999786324],[1,0.000002624868771778423,0.0007475171792793626,0.00004873417726910053]]],[0,"7f5FWpUAxb7Zh0v3yI0Kbd",null,null,null,1,0],[1,-0.0000024147934709617402,0.057769134640693665,-4.0945391788227425e-7],[3,0.00023387224756379855,0.000007234852760513073,0.00817805366580104,0.9999665317847732],[1,0.026795693679940225,0.0006099368123655324,0.9371465339683605]],[1,"mixamorig:Spine",2,[-27],[0,"45Aj9QOqJSgbqAF9x+X3X7",null,null,null,1,0],[1,0,0.0895249992609024,-0.00041299997246824205],[3,0.009220754947671845,0.0024352039325727273,-0.002859969691608187,0.9999504327882281],[1,1.0574434519201583,0.2820675674530415,-0.32514079938711404]],[1,"mixamorig:Spine1",15,[3],[0,"50zu6NHRRXEbIepT7gjiDj",null,null,null,1,0],[1,2.2204459996194763e-18,0.10444814711809158,8.817528396320995e-8],[3,0.01577823387072627,-0.018558421682718984,-0.003703836034819341,0.9996964108764193],[1,1.799980318667083,-2.119847390333426,-0.45785896598370673]],[1,"mixamorig:LeftShoulder",3,[-28],[0,"985L1lkclT8Y4XgIsDyFCe",null,null,null,1,0],[1,0.08789899945259094,0.10783961415290833,-0.00009229176794178784],[3,-0.5538442728326658,-0.4390526113851461,0.5615233180294408,-0.4303264913940891],[1,104.12894647468879,90.92544385288498,0.17514373094719396]],[1,"mixamorig:LeftArm",17,[-29],[0,"9fLaToDSxVm6xsSU1z3+N+",null,null,null,1,0],[1,5.517447903002903e-7,0.18503962457180023,-8.127735782181844e-7],[3,0.4586412327811889,0.16566880109492496,0.15173611101826331,0.8597547444182991],[1,54.16299739671027,9.204238589518265,24.38567750376612]],[2,"mixamorig:LeftForeArm",18,[[5,"mixamorig:LeftHand",-30,[0,"79ftkEMitYIZa3xIvf4Txi",null,null,null,1,0],[1,7.310785008485254e-7,0.2039773315191269,-7.097245315890177e-7]]],[0,"5biZyDnFlaRpZA2SkJ3por",null,null,null,1,0],[1,-2.4614006832734958e-8,0.22613035142421722,8.025391480259714e-7],[3,0.00098787297126341,0.00002719245161107978,0.24866459384177964,0.9685891508462533],[1,0.12423531557228117,-0.02867766962836436,28.796994716137114]],[1,"mixamorig:Neck",3,[-31],[0,"4flYOWA1FaNazv39RDyV3G",null,null,null,1,0],[1,1.3322675997716858e-17,0.13429047167301178,5.419352646640618e-7],[3,0.010485702159572258,0.0020668711444880167,0.007939840640673768,0.9999113645841284],[1,1.1998257015131149,0.22731410591087506,0.9122801162678328]],[2,"mixamorig:Head",20,[[5,"mixamorig:HeadTop_End",-32,[0,"e0evOf6gBbkZhk9hgyAsK5",null,null,null,1,0],[1,-1.776356799695581e-17,0.4439069926738739,0.0029039999935775995]]],[0,"1dGTnXRoFZq7Lzevboijjy",null,null,null,1,0],[1,-3.3306689994292145e-18,0.06552200019359589,0.00042899997788481414],[3,0.05174440625384374,-0.018190116067652144,0.0480717430552253,0.9973368255602091],[1,6.05187977262056,-2.3751174408867564,5.394052251762917]],[1,"mixamorig:RightShoulder",3,[-33],[0,"db3rSXnAFeI6GUw2B6L7gl",null,null,null,1,0],[1,-0.08789899945259094,0.10783987492322922,-0.0001502911763964221],[3,0.640893345093072,-0.3807312875781758,0.5015494862446177,0.43903020365600903],[1,108.96321706966906,-78.04058718623762,-2.7297756634594217]],[1,"mixamorig:RightArm",22,[-34],[0,"5eX12xp99S8r18M3gfFgZj",null,null,null,1,0],[1,-5.164837943993916e-7,0.18503962457180023,-8.147019343596185e-7],[3,0.42253779700546357,-0.16075758383205258,-0.1570848797891973,0.8780336837979871],[1,49.357733864645795,-9.445294848411105,-24.31191880507756]],[2,"mixamorig:RightForeArm",23,[[5,"mixamorig:RightHand",-35,[0,"01gfo+TZ9dJYFZ9tC8sqnR",null,null,null,1,0],[1,-8.284034151984088e-7,0.20398245751857758,-6.713101470268157e-7]]],[0,"f74v9AJ1ZcGIx1bZgeBD4/",null,null,null,1,0],[1,7.460175197593344e-7,0.2261360138654709,7.079494253048324e-7],[3,0.0007298385549213257,-0.00006175276890008339,-0.2678344526171476,0.9634646695720359],[1,0.0918620029645151,0.018192112540194257,-31.070885473605827]]],0,[0,3,1,0,1,5,0,1,4,0,2,1,0,-1,6,0,-2,2,0,-3,5,0,-4,4,0,-1,7,0,-2,11,0,-3,15,0,-1,17,0,-2,20,0,-3,22,0,0,4,0,0,4,0,0,5,0,2,6,0,-1,8,0,-1,9,0,-1,10,0,0,10,0,-1,12,0,-1,13,0,-1,14,0,0,14,0,-1,16,0,-1,18,0,-1,19,0,0,19,0,-1,21,0,0,21,0,-1,23,0,-1,24,0,0,24,0,4,1,3,0,16,35],[0,0,0,0,0,0,0,0,0,0,0,0,0,0,0,0,0,0,0,0,0,0,0,0,0,0,0,0,0,0,0,0,0,0,0,0,0],[-1,5,6,-1,-2,-3,-4,-5,-6,-7,-8,-9,-10,-11,-12,-13,-14,-15,-16,-17,-18,-19,-20,-21,-22,-23,-24,-25,-26,-27,-28,-29,-30,-31,-32,-33,7],[1,2,3,4,0,5,6,7,8,9,10,11,12,13,14,15,16,17,18,19,20,21,22,23,24,25,26,27,28,29,30,31,32,33,34,35,0]],[[[17,"Skin-0",3829547259,["mixamorig:Hips","mixamorig:Hips/mixamorig:Spine","mixamorig:Hips/mixamorig:Spine/mixamorig:Spine1/mixamorig:Spine2/mixamorig:LeftShoulder/mixamorig:LeftArm/mixamorig:LeftForeArm/mixamorig:LeftHand","mixamorig:Hips/mixamorig:Spine/mixamorig:Spine1/mixamorig:Spine2/mixamorig:RightShoulder","mixamorig:Hips/mixamorig:Spine/mixamorig:Spine1/mixamorig:Spine2/mixamorig:RightShoulder/mixamorig:RightArm","mixamorig:Hips/mixamorig:Spine/mixamorig:Spine1/mixamorig:Spine2/mixamorig:RightShoulder/mixamorig:RightArm/mixamorig:RightForeArm","mixamorig:Hips/mixamorig:Spine/mixamorig:Spine1/mixamorig:Spine2/mixamorig:RightShoulder/mixamorig:RightArm/mixamorig:RightForeArm/mixamorig:RightHand","mixamorig:Hips/mixamorig:LeftUpLeg","mixamorig:Hips/mixamorig:LeftUpLeg/mixamorig:LeftLeg","mixamorig:Hips/mixamorig:LeftUpLeg/mixamorig:LeftLeg/mixamorig:LeftFoot","mixamorig:Hips/mixamorig:LeftUpLeg/mixamorig:LeftLeg/mixamorig:LeftFoot/mixamorig:LeftToeBase","mixamorig:Hips/mixamorig:Spine/mixamorig:Spine1","mixamorig:Hips/mixamorig:RightUpLeg","mixamorig:Hips/mixamorig:RightUpLeg/mixamorig:RightLeg","mixamorig:Hips/mixamorig:RightUpLeg/mixamorig:RightLeg/mixamorig:RightFoot","mixamorig:Hips/mixamorig:RightUpLeg/mixamorig:RightLeg/mixamorig:RightFoot/mixamorig:RightToeBase","mixamorig:Hips/mixamorig:Spine/mixamorig:Spine1/mixamorig:Spine2","mixamorig:Hips/mixamorig:Spine/mixamorig:Spine1/mixamorig:Spine2/mixamorig:Neck","mixamorig:Hips/mixamorig:Spine/mixamorig:Spine1/mixamorig:Spine2/mixamorig:Neck/mixamorig:Head","mixamorig:Hips/mixamorig:Spine/mixamorig:Spine1/mixamorig:Spine2/mixamorig:LeftShoulder","mixamorig:Hips/mixamorig:Spine/mixamorig:Spine1/mixamorig:Spine2/mixamorig:LeftShoulder/mixamorig:LeftArm","mixamorig:Hips/mixamorig:Spine/mixamorig:Spine1/mixamorig:Spine2/mixamorig:LeftShoulder/mixamorig:LeftArm/mixamorig:LeftForeArm"],[[[7,1,0,0,0,0,1,0,0,0,0,1,0,0,-0.7798829674720764,-0.00204299995675683,1],[7,1,0,0,0,0,0.9999788403511047,0.0045999023132026196,0,0,-0.004599902778863907,0.9999787211418152,0,0,-0.8693822026252747,-0.005629157181829214,1],[7,0.004199848975986242,0.9999303817749023,0.007298937998712063,0,-0.003899868344888091,0.0073153371922671795,-0.9999298453330994,0,-0.9999669194221497,0.004171166103333235,0.003930379170924425,0,0.001792645314708352,-0.7041877508163452,1.1514549255371094,1],[7,-0.0016999589279294014,-0.9610491394996643,0.27626991271972656,0,0.004599889740347862,-0.27627822756767273,-0.9610266089439392,0,0.9999759793281555,-0.00036290340358391404,0.0048903813585639,0,-0.005626169964671135,0.2473515421152115,1.1785348653793335,1],[7,-0.007599497679620981,-0.9997185468673706,-0.0229051373898983,0,0.00289980904199183,0.022883150726556778,-0.9997664093971252,0,0.9999338984489441,-0.007664221804589033,0.002725244266912341,0,-0.005248056259006262,-0.2919761538505554,1.1435810327529907,1],[7,0.008799231611192226,-0.9999707341194153,-0.007337549235671759,0,0.002599774394184351,0.0073611862026154995,-0.999937891960144,0,0.9999157190322876,0.008780576288700104,0.002664402360096574,0,0.0031662979163229465,-0.500278115272522,1.1514369249343872,1],[7,0.008799230679869652,-0.9999706149101257,-0.007337547838687897,0,0.002599774394184351,0.007361185271292925,-0.9999377727508545,0,0.999915599822998,0.00878057535737753,0.002664402360096574,0,0.0031730036716908216,-0.7042675614356995,1.1514384746551514,1],[7,-0.998666524887085,0.05129837617278099,0.000025612724130041897,0,-0.05129828676581383,-0.9986550807952881,0.0033999651204794645,0,0.0001999932574108243,0.0033941178116947412,0.9999884366989136,0,0.1945849061012268,0.7210623621940613,-0.0005293936701491475,1],[7,-0.998549222946167,0.05430227890610695,0.0002764342352747917,0,-0.05430268868803978,-0.9985469579696655,-0.0014000008814036846,0,0.00020000980293843895,-0.0014129806077107787,0.9999978542327881,0,0.19565248489379883,0.35410255193710327,0.0011751839192584157,1],[7,-0.99641352891922,0.06422039866447449,-0.05522121861577034,0,-0.05430075526237488,0.016000954434275627,0.9983932971954346,0,0.06500088423490524,0.9978162050247192,-0.012456118129193783,0,0.19531553983688354,-0.011603758670389652,-0.006077476777136326,1],[7,-0.9974219799041748,0.04603566601872444,-0.05524752661585808,0,-0.05460122972726822,0.01520129106938839,0.9983870387077332,0,0.04680103808641434,0.9988452792167664,-0.012648019939661026,0,0.19649752974510193,-0.06308728456497192,-0.006062012165784836,1],[7,1,0,0,0,0,0.9999788403511047,0.0045999023132026196,0,0,-0.004599902778863907,0.9999787211418152,0,0,-0.9738293290138245,-0.005628614686429501,1],[7,-0.998666524887085,-0.05130314826965332,-0.00003609390842029825,0,0.051298290491104126,-0.998694896697998,-0.008499379269778728,0,0.0003999867185484618,-0.00849075149744749,0.9999278783798218,0,-0.194584921002388,0.7210928201675415,0.005181868094950914,1],[7,-0.9985488057136536,-0.054297927767038345,0.000816136715002358,0,0.05430266633629799,-0.9985154271125793,0.0057998052798211575,0,0.0005000245873816311,0.005835709627717733,0.9999657869338989,0,-0.19565124809741974,0.3541049659252167,0.00010740339348558336,1],[7,-0.9966620802879333,-0.06116214022040367,0.054643675684928894,0,0.053803518414497375,0.01530060451477766,0.9984660744667053,0,-0.06190384924411774,0.9980189204216003,-0.01195870153605938,0,-0.19528190791606903,-0.012127042748034,-0.006177170667797327,1],[7,-0.9974876046180725,-0.04485418647527695,0.054720159620046616,0,0.05409945547580719,0.014899727888405323,0.9984498620033264,0,-0.04559941589832306,0.9988628625869751,-0.012436344288289547,0,-0.19639049470424652,-0.06669991463422775,-0.006132117006927729,1],[7,1,0,0,0,0,0.9999788403511047,0.004599901847541332,0,0,-0.004599902778863907,0.9999787211418152,0,0,-1.0931962728500366,-0.005627702455967665,1],[7,1,0,0,0,0,1,-2.816152311346798e-10,0,0,2.816152311346798e-10,1,0,0,-1.2275111675262451,0.000018999673557118513,1],[7,1,0,0,0,0,1,-2.816152311346798e-10,0,0,2.816152311346798e-10,1,0,0,-1.293033242225647,-0.0004099996294826269,1],[7,-0.0009999779285863042,0.9610483050346375,-0.27627572417259216,0,-0.004599898587912321,-0.27628040313720703,-0.9610267877578735,0,-0.9999778270721436,0.0003098415909335017,0.0046969992108643055,0,0.005622651427984238,0.24735420942306519,1.1785353422164917,1],[7,-0.0029999217949807644,0.9997678399085999,0.02290404587984085,0,-0.004099894780665636,0.022891802713274956,-0.9997578859329224,0,-0.9999741911888123,-0.0030931590590626,0.004030295647680759,0,0.005578798707574606,-0.29199811816215515,1.1435707807540894,1],[7,0.00419984944164753,0.9999303817749023,0.007298937998712063,0,-0.0038998688105493784,0.0073153371922671795,-0.9999298453330994,0,-0.9999670386314392,0.004171166103333235,0.003930379170924425,0,0.001798304496333003,-0.5002187490463257,1.1514438390731812,1]],8,8,8,8,8,8,8,8,8,8,8,8,8,8,8,8,8,8,8,8,8,8]]],0,0,[],[],[]],[[[18,".bin",2065645833,[{"primitives":[{"primitiveMode":7,"jointMapIndex":0,"vertexBundelIndices":[0],"indexView":{"offset":263120,"length":23928,"count":11964,"stride":2}}],"vertexBundles":[{"view":{"offset":0,"length":263120,"count":2990,"stride":88},"attributes":[{"name":"a_position","format":32,"isNormalized":false},{"name":"a_normal","format":32,"isNormalized":false},{"name":"a_texCoord","format":21,"isNormalized":false},{"name":"a_tangent","format":44,"isNormalized":false},{"name":"a_joints","format":42,"isNormalized":false},{"name":"a_weights","format":44,"isNormalized":false},{"name":"a_color","format":44,"isNormalized":false}]}],"jointMaps":[[0,1,2,3,4,5,6,7,8,9,10,11,12,13,14,15,16,17,18,19,20,21]]},"minPosition",8,[1,-0.8132224678993225,-0.00013769121142104268,-0.3366091549396515],"maxPosition",8,[1,0.8134978413581848,1.8968195915222168,0.39197078347206116]]],-1],0,0,[],[],[]],[[[19,"CharacterSkin_Mesh",[{"rasterizerState":{},"blendState":{"targets":[{}]},"depthStencilState":{}}],[{"USE_ALBEDO_MAP":true,"DCC_APP_NAME":0}],[[[{"albedoScale":1,"emissiveScale":1},"mainColor",8,[4,4294967295],"emissive",8,[4,4278190080],"mainTexture",6,0]],11]]],0,0,[0,0],[8,9],[36,37]]]]
