[1,["78H5pCv7hHW54a/1qUSfvr@e8c23","78H5pCv7hHW54a/1qUSfvr@a62fe","78H5pCv7hHW54a/1qUSfvr@438fe","78H5pCv7hHW54a/1qUSfvr@4f17a","f6SJZOjTJB/JrJeh5xTdF7"],["_parent","node","root","data","_mesh","_skeleton","mainTexture","_effectAsset"],[["cc.Node",["_name","_prefab","_parent","_lpos","_children","_lrot","_euler","_components","_lscale"],2,4,1,5,2,5,5,9,5],["cc.Skeleton",["_name","_hash","_joints","_bindposes"],0,12],["cc.Prefab",[],3],["cc.Node",["_name","_parent","_children","_prefab","_lpos","_lrot","_euler"],2,1,9,4,5,5,5],["cc.SkeletalAnimation",["node","__prefab"],3,1,4],["cc.CompPrefabInfo",["fileId"],2],["cc.PrefabInfo",["fileId","instance","targetOverrides","nestedPrefabInstanceRoots","root","asset"],-1,1,1],["cc.SkinnedMeshRenderer",["node","__prefab","_materials","bakeSettings","_skinningRoot","_mesh","_skeleton"],3,1,4,3,4,1,6,6],["cc.ModelBakeSettings",[],3],["cc.Mesh",["_native","_hash","_struct"],1,11],["cc.Material",["_name","_states","_defines","_props"],0,12]],[[6,0,1,2,3,4,5,5],[0,0,2,4,1,3,5,6,2],[3,0,1,2,3,4,5,6,2],[0,0,2,4,1,3,5,8,6,2],[0,0,2,1,3,2],[0,0,2,1,3,5,6,2],[5,0,2],[1,0,1,2,3,4],[2,1],[0,0,4,7,1,2],[0,0,4,1,3,5,6,2],[0,0,2,7,1,2],[4,0,1,1],[7,0,1,2,3,4,5,6,1],[8,1],[9,0,1,2,3],[10,0,1,2,3,4]],[[[[7,"Skin-0",2264038424,["mixamorig:Hips","mixamorig:Hips/mixamorig:Spine","mixamorig:Hips/mixamorig:Spine/mixamorig:Spine1/mixamorig:Spine2/mixamorig:LeftShoulder/mixamorig:LeftArm/mixamorig:LeftForeArm/mixamorig:LeftHand","mixamorig:Hips/mixamorig:Spine/mixamorig:Spine1/mixamorig:Spine2/mixamorig:RightShoulder","mixamorig:Hips/mixamorig:Spine/mixamorig:Spine1/mixamorig:Spine2/mixamorig:RightShoulder/mixamorig:RightArm","mixamorig:Hips/mixamorig:Spine/mixamorig:Spine1/mixamorig:Spine2/mixamorig:RightShoulder/mixamorig:RightArm/mixamorig:RightForeArm","mixamorig:Hips/mixamorig:Spine/mixamorig:Spine1/mixamorig:Spine2/mixamorig:RightShoulder/mixamorig:RightArm/mixamorig:RightForeArm/mixamorig:RightHand","mixamorig:Hips/mixamorig:LeftUpLeg","mixamorig:Hips/mixamorig:LeftUpLeg/mixamorig:LeftLeg","mixamorig:Hips/mixamorig:LeftUpLeg/mixamorig:LeftLeg/mixamorig:LeftFoot","mixamorig:Hips/mixamorig:LeftUpLeg/mixamorig:LeftLeg/mixamorig:LeftFoot/mixamorig:LeftToeBase","mixamorig:Hips/mixamorig:Spine/mixamorig:Spine1","mixamorig:Hips/mixamorig:RightUpLeg","mixamorig:Hips/mixamorig:RightUpLeg/mixamorig:RightLeg","mixamorig:Hips/mixamorig:RightUpLeg/mixamorig:RightLeg/mixamorig:RightFoot","mixamorig:Hips/mixamorig:RightUpLeg/mixamorig:RightLeg/mixamorig:RightFoot/mixamorig:RightToeBase","mixamorig:Hips/mixamorig:Spine/mixamorig:Spine1/mixamorig:Spine2","mixamorig:Hips/mixamorig:Spine/mixamorig:Spine1/mixamorig:Spine2/mixamorig:Neck","mixamorig:Hips/mixamorig:Spine/mixamorig:Spine1/mixamorig:Spine2/mixamorig:Neck/mixamorig:Head","mixamorig:Hips/mixamorig:Spine/mixamorig:Spine1/mixamorig:Spine2/mixamorig:LeftShoulder","mixamorig:Hips/mixamorig:Spine/mixamorig:Spine1/mixamorig:Spine2/mixamorig:LeftShoulder/mixamorig:LeftArm","mixamorig:Hips/mixamorig:Spine/mixamorig:Spine1/mixamorig:Spine2/mixamorig:LeftShoulder/mixamorig:LeftArm/mixamorig:LeftForeArm"],[[[7,1,0,0,0,0,1,0,0,0,0,1,0,0,-0.7798829674720764,-0.00204299995675683,1],[7,1,0,0,0,0,0.9999898672103882,0.004606003873050213,0,0,-0.0046060043387115,0.9999897480010986,0,0,-0.8693917393684387,-0.005634480156004429,1],[7,0.004174997564405203,0.9999644756317139,0.007349090650677681,0,-0.0038969984743744135,0.00736536830663681,-0.9999655485153198,0,-0.9999831914901733,0.004146216437220573,0.00392761267721653,0,0.0018064617179334164,-0.7042709589004517,1.151461124420166,1],[7,-0.0016599992522969842,-0.9610739350318909,0.27628639340400696,0,0.004649999551475048,-0.27629128098487854,-0.961062490940094,0,0.9999876022338867,-0.000310631439788267,0.004927636589854956,0,-0.005682843737304211,0.24736496806144714,1.178579568862915,1],[7,-0.007614993490278721,-0.999708890914917,-0.022913731634616852,0,0.002929999027401209,0.02289198525249958,-0.9997343420982361,0,0.9999663829803467,-0.007680108305066824,0.0027548254001885653,0,-0.005286893807351589,-0.2919837534427643,1.1435420513153076,1],[7,0.008769000880420208,-0.9999352693557739,-0.007341506890952587,0,0.0025620018132030964,0.007364231627434492,-0.9999702572822571,0,0.999958336353302,0.008749931119382381,0.002626412780955434,0,0.00319516914896667,-0.5002644062042236,1.1514718532562256,1],[7,0.008768999949097633,-0.9999352693557739,-0.007341506890952587,0,0.002562001347541809,0.007364231161773205,-0.9999703168869019,0,0.9999582171440125,0.008749931119382381,0.002626412780955434,0,0.0031959929037839174,-0.7042470574378967,1.1514726877212524,1],[7,-0.9987469911575317,0.051285602152347565,0.000014763067156309262,0,-0.05128846317529678,-0.9986787438392639,0.003398000728338957,0,0.00018902386364061385,0.0033927729818969965,0.9999943971633911,0,0.19459038972854614,0.721081554889679,-0.0005262446356937289,1],[7,-0.9985871315002441,0.054310139268636703,0.0002624241169542074,0,-0.05431384965777397,-0.9985236525535583,-0.0013630002504214644,0,0.00018802375416271389,-0.001375241787172854,0.999998927116394,0,0.1956632286310196,0.35409265756607056,0.0011641784803941846,1],[7,-0.9964709877967834,0.06420939415693283,-0.055210601538419724,0,-0.054292865097522736,0.016005005687475204,0.9983969330787659,0,0.064994215965271,0.9978081583976746,-0.012461623176932335,0,0.19532647728919983,-0.011601678095757961,-0.006079578306525946,1],[7,-0.9974768161773682,0.04607114568352699,-0.05516396090388298,0,-0.054517876356840134,0.015238998457789421,0.9983963966369629,0,0.04684089496731758,0.9988215565681458,-0.01268804632127285,0,0.1965043842792511,-0.06309370696544647,-0.00607659388333559,1],[7,1,0,0,0,0,0.9999898672103882,0.0046060043387115,0,0,-0.0046060048043727875,0.9999897480010986,0,0,-0.9738398790359497,-0.00563456816598773,1],[7,-0.9987461566925049,-0.0512838214635849,-0.00002761698306130711,0,0.05128537118434906,-0.9986491203308105,-0.008455021306872368,0,0.0004060505307279527,-0.008445306681096554,0.9999656081199646,0,-0.19458803534507751,0.7210621237754822,0.005150775890797377,1],[7,-0.9985857009887695,-0.05430994927883148,0.0007521943771280348,0,0.05431673675775528,-0.9985076785087585,0.005764021538197994,0,0.00043805415043607354,0.005796357523649931,0.9999852180480957,0,-0.1956629604101181,0.35409989953041077,0.00010921414650510997,1],[7,-0.9966842532157898,-0.061216212809085846,0.05470745638012886,0,0.0538715124130249,0.015277078375220299,0.9984315633773804,0,-0.06195945665240288,0.9980112314224243,-0.011927856132388115,0,-0.1952870488166809,-0.012137170881032944,-0.00616408372297883,1],[7,-0.997553288936615,-0.0448814332485199,0.054717812687158585,0,0.05410357937216759,0.014861059375107288,0.9984249472618103,0,-0.04562653601169586,0.9988848567008972,-0.012395661324262619,0,-0.19640159606933594,-0.06670588254928589,-0.006134558469057083,1],[7,1,0,0,0,0,0.9999898672103882,0.0046060048043727875,0,0,-0.004606005270034075,0.9999897480010986,0,0,-1.0932083129882812,-0.005634380038827658,1],[7,1,0,0,0,0,0.9999999403953552,1.1785192821633927e-9,0,0,-1.1785192821633927e-9,0.9999999403953552,0,0,-1.2275110483169556,0.00001899907692859415,1],[7,1,0,0,0,0,0.9999999403953552,1.1785192821633927e-9,0,0,-1.1785192821633927e-9,0.9999999403953552,0,0,-1.2930330038070679,-0.00041000093915499747,1],[7,-0.0010120014194399118,0.9610739350318909,-0.2762893736362457,0,-0.004646007902920246,-0.2762911021709442,-0.9610626101493835,0,-0.99998939037323,0.00031104570371098816,0.004744760226458311,0,0.005679088644683361,0.2473648190498352,1.1785796880722046,1],[7,-0.003039000788703561,0.9997327327728271,0.022904617711901665,0,-0.004055003169924021,0.022892218083143234,-0.999729335308075,0,-0.9999873042106628,-0.003131056437268853,0.003984349314123392,0,0.0055375657975673676,-0.29198935627937317,1.143537998199463,1],[7,0.00417499803006649,0.9999644756317139,0.007349090650677681,0,-0.003896998940035701,0.00736536830663681,-0.9999655485153198,0,-0.9999833106994629,0.004146216437220573,0.00392761267721653,0,0.0018071936210617423,-0.5002936720848083,1.1514604091644287,1]],8,8,8,8,8,8,8,8,8,8,8,8,8,8,8,8,8,8,8,8,8,8]]],0,0,[],[],[]],[[[8],[9,"Player2",[-3,-4],[[12,-2,[6,"c7CK6/hadV9rOpos7Y/KsE"]]],[0,"63I6Pcc3BZ64w4LD5eI3zE",null,null,null,-1,0]],[1,"mixamorig:Hips",1,[-5,-6,-7],[0,"7ewc9bTqdYi4BT1dUD6hCr",null,null,null,1,0],[1,0.013114509172737598,0.6804797053337097,0.02851581946015358],[3,0.12795277258524268,0.02997715287060241,0.01002112242204227,0.9912764676914934],[1,14.66507851506699,3.2612263014549208,1.5780522378860367]],[10,"mixamorig:Spine2",[-8,-9,-10],[0,"53pK6Rp1NV5YWD6vdH4SvO",null,null,null,1,0],[1,-4.440891999238953e-18,0.11936831474304199,-1.8954560232486983e-7],[3,0.02619767740793593,-0.0721889285297352,0.03646742542738819,0.9963797304134888],[1,3.30250142693282,-8.401736123606138,3.950145537466662]],[11,"Character_Man",1,[[13,-11,[6,"235gjDKfhZ6Zo9c4NxmedR"],[0],[14],1,1,2]],[0,"c8IWs420JdB5MQ3Dz/30I8",null,null,null,1,0]],[3,"mixamorig:LeftUpLeg",2,[-12],[0,"2cKopVVXRSUaWFqqfmtiTv",null,null,null,1,0],[1,0.15734100341796875,-0.04977399855852127,-0.004000000189989805],[3,-0.0529065774563219,0.5153907626329876,0.8553179053924395,0.002129922424848035],[1,0.9999368786811829,0.9999995231628418,0.9999997615814209],[1,-117.99171182199701,174.67415971165,-2.9171340848081457]],[1,"mixamorig:LeftLeg",5,[-13],[0,"6cM7zCuXFePpYpy0dqa0DR",null,null,null,1,0],[1,8.369256079276965e-7,0.36639639735221863,-2.3052105291299085e-7],[3,-0.6983131108908609,0.06020671448849104,-0.05636926690873488,0.7110249337657586],[1,-88.93335346008102,0.4002151302560471,-9.453446615920688]],[1,"mixamorig:LeftFoot",6,[-14],[0,"deoBKQJJ5QYZGH35rJwZMe",null,null,null,1,0],[1,8.719051152183965e-7,0.34785178303718567,-7.718152232882858e-7],[3,0.7732945040023648,-0.04446878258598212,-0.011580974728208219,0.6323796474266087],[1,101.35710715406822,-2.2044475710486,-4.785294180971125]],[2,"mixamorig:LeftToeBase",7,[[5,"mixamorig:LeftToe_End",-15,[0,"10plJUQkxT4b5weex0PMYE",null,null,null,1,0],[1,-1.3809639654027706e-7,0.05282822996377945,-5.6846317875169916e-8],[3,-5.2673591662778014e-8,0.00004258881013584927,9.657558157746274e-7,0.9999999990926289],[1,-0.0000060406621783164645,0.004880318157847691,0.00011066720740396693]]],[0,"62oGsRPWlWMrZvIdFo0C0x",null,null,null,1,0],[1,9.018700666274526e-7,0.055052611976861954,-6.806151731097998e-8],[3,-0.00480569345954809,0.00027135396114116416,-0.009363208076486487,0.999944579470241],[1,-0.5504752501180501,0.025941457867178098,-1.0730973157175963]],[3,"mixamorig:RightUpLeg",2,[-16],[0,"1e/IGJialco5p2ZQ1cZ+Zz",null,null,null,1,0],[1,-0.15734100341796875,-0.04977399855852127,-0.001025000005029142],[3,0.02676755760661383,0.38278129868050925,0.9230060618675466,-0.028666792565650905],[1,0.9999377727508545,0.999999463558197,0.9999987483024597],[1,-134.88487030657546,-175.90576936406234,-1.8582563285800273]],[1,"mixamorig:RightLeg",9,[-17],[0,"aeojTu1vpRJ6p5edBYMm3P",null,null,null,1,0],[1,-7.812691933395399e-7,0.3664073944091797,2.3076241006947384e-7],[3,-0.550016774502997,0.05161471793252292,-0.07797827020475581,0.829901715888056],[1,-67.06939119908876,-0.006323015948331993,-10.731483376482714]],[3,"mixamorig:RightFoot",10,[-18],[0,"05z2UnIqtSVYJTiq/L43DA",null,null,null,1,0],[1,-0.0000010776554972835584,0.34785735607147217,8.554065971111413e-7],[3,0.8454834188242495,0.04768319035952078,-0.020896578122217173,0.531457839224504],[1,1.000001311302185,0.9999989867210388,1.0000001192092896],[1,115.54973105968455,4.9430657657672326,3.3490914890555197]],[2,"mixamorig:RightToeBase",11,[[5,"mixamorig:RightToe_End",-19,[0,"1d4dNgGmRYqKaTSOQrd+WW",null,null,null,1,0],[1,-0.000001298211827815976,0.05426178500056267,6.870972697470279e-7],[3,2.331607795674901e-8,0.000006523318006517676,4.252857763640426e-7,0.9999999999786324],[1,0.0000026715078149589293,0.0007475171792595276,0.00004873417757334184]]],[0,"26MeNVmJBSm6CMwYOu+rlq",null,null,null,1,0],[1,-0.0000024147934709617402,0.057769134640693665,-4.0945391788227425e-7],[3,0.09328544983939467,0.004950073134543368,0.0030373577350918195,0.9956224666419564],[1,10.70361564427947,0.5323055748794349,0.3994500904193683]],[1,"mixamorig:Spine",2,[-20],[0,"7esUQjFQxRWbytJyIhGOvx",null,null,null,1,0],[1,0,0.0895249992609024,-0.00041299997246824205],[3,0.02260824600525707,-0.012360221351505853,0.015508224742464594,0.9995476912614248],[1,2.61362520730563,-1.4567458610286477,1.7445555964482635]],[1,"mixamorig:Spine1",13,[3],[0,"93jDN6GYJY17T0waFG2x7Z",null,null,null,1,0],[1,0,0.10444814711809158,8.817528396320995e-8],[3,0.02369616015721741,-0.16160254325883006,0.013640712138105094,0.9864770858861583],[1,2.9330871039165833,-18.635115000006003,1.103228527806862]],[1,"mixamorig:LeftShoulder",3,[-21],[0,"24QLQu6ZJfm5pc1g+PVcQB",null,null,null,1,0],[1,0.08789899945259094,0.10783961415290833,-0.00009229176794178784],[3,-0.5895578402569456,-0.4002109561240785,0.6185586000574799,-0.33111629661607894],[1,117.46982703721984,94.91820281506601,3.5698508977361527]],[1,"mixamorig:LeftArm",15,[-22],[0,"04jdMBuX5a2a+GYakgV8gx",null,null,null,1,0],[1,5.517447903002903e-7,0.18503962457180023,-8.127735782181844e-7],[3,0.1274836983454491,-0.22455573539942994,0.44970045410822,0.8550392563679451],[1,36.71959060716854,-45.22947168156104,45.3790038203327]],[2,"mixamorig:LeftForeArm",16,[[4,"mixamorig:LeftHand",-23,[0,"d35YGurNlUl4zX60IpFAR+",null,null,null,1,0],[1,7.310785008485254e-7,0.2039773315191269,-7.097245315890177e-7]]],[0,"b8nINlafdec6aVgiNjLXMm",null,null,null,1,0],[1,-2.4614006832734958e-8,0.22613035142421722,8.025391480259714e-7],[3,0.002604748982359224,0.000021124985654467987,0.6553791581856346,0.7552955539736501],[1,1.5878681047862562,-1.374564044202727,81.89446388728767]],[1,"mixamorig:Neck",3,[-24],[0,"3eBQejW89SZpAb22Na1Sh9",null,null,null,1,0],[1,0,0.13429047167301178,5.419352646640618e-7],[3,0.05523642666602992,0.04886190345907012,-0.039989137184017004,0.9964749472349029],[1,6.563670534898065,5.858911582427545,-4.260912997491604]],[2,"mixamorig:Head",18,[[4,"mixamorig:HeadTop_End",-25,[0,"6aWWr6FstYf7zI13Nq+md3",null,null,null,1,0],[1,0,0.4439069926738739,0.0029039999935775995]]],[0,"f8yyhJMUNWUpAiTNYlg4CQ",null,null,null,1,0],[1,8.881783998477905e-18,0.06552200019359589,0.00042899997788481414],[3,-0.08960191393419001,0.1606529098798101,0.0301376346884389,0.982473339354237],[1,-10.709669044016369,18.736959279036213,1.7437355518551645]],[1,"mixamorig:RightShoulder",3,[-26],[0,"3bvie2OuNZ95TCHXL0dP8m",null,null,null,1,0],[1,-0.08789899945259094,0.10783987492322922,-0.0001502911763964221],[3,0.495427106151931,-0.36537060458787257,0.5905059031257289,0.5218803331863378],[1,101.22672052892229,-87.88960696012401,14.733167282662965]],[1,"mixamorig:RightArm",20,[-27],[0,"07Rkawvy5QGI68kZCSDhoU",null,null,null,1,0],[1,-5.164837943993916e-7,0.18503962457180023,-8.147019343596185e-7],[3,0.2982135150978254,0.03856592669251512,-0.7816711753121428,0.5464170041254939],[1,135.99793792998128,113.87380052384752,-56.225820654510734]],[2,"mixamorig:RightForeArm",21,[[4,"mixamorig:RightHand",-28,[0,"1b1ATYQx5eor20M69rZqS6",null,null,null,1,0],[1,-8.284034151984088e-7,0.20398245751857758,-6.713101470268157e-7]]],[0,"677tZV80VeGbOdZOYOPd8b",null,null,null,1,0],[1,7.460175197593344e-7,0.2261360138654709,7.079494253048324e-7],[3,0.0006842326726358674,-0.00006184446000162554,-0.2510610479683909,0.9679710110297343],[1,0.0848079443224084,0.014675144715521508,-29.08061434911228]]],0,[0,2,1,0,1,1,0,-1,4,0,-2,2,0,-1,5,0,-2,9,0,-3,13,0,-1,15,0,-2,18,0,-3,20,0,1,4,0,-1,6,0,-1,7,0,-1,8,0,0,8,0,-1,10,0,-1,11,0,-1,12,0,0,12,0,-1,14,0,-1,16,0,-1,17,0,0,17,0,-1,19,0,0,19,0,-1,21,0,-1,22,0,0,22,0,3,1,3,0,14,28],[0,0,0],[-1,4,5],[0,1,2]],[[[15,".bin",182417017,[{"primitives":[{"primitiveMode":7,"jointMapIndex":0,"vertexBundelIndices":[0],"indexView":{"offset":150408,"length":17916,"count":8958,"stride":2}}],"vertexBundles":[{"view":{"offset":0,"length":150408,"count":2089,"stride":72},"attributes":[{"name":"a_position","format":32,"isNormalized":false},{"name":"a_normal","format":32,"isNormalized":false},{"name":"a_texCoord","format":21,"isNormalized":false},{"name":"a_tangent","format":44,"isNormalized":false},{"name":"a_joints","format":42,"isNormalized":false},{"name":"a_weights","format":44,"isNormalized":false}]}],"jointMaps":[[0,1,2,3,4,5,6,7,8,9,10,11,12,13,14,15,16,17,18,19,20,21]]},"minPosition",8,[1,-0.8125709295272827,-0.011773040518164635,-0.3209020495414734],"maxPosition",8,[1,0.8134978413581848,1.7575507164001465,0.24206459522247314]]],-1],0,0,[],[],[]],[[[16,"CharacterSkin_Mesh",[{"rasterizerState":{},"blendState":{"targets":[{}]},"depthStencilState":{}}],[{"USE_ALBEDO_MAP":true,"DCC_APP_NAME":0}],[[[{"albedoScale":1,"emissiveScale":1},"mainColor",8,[4,4294967295],"emissive",8,[4,4278190080],"mainTexture",6,0]],11]]],0,0,[0,0],[6,7],[3,4]]]]
