[1,["c89m0XNRpI2qEsAhLShXXE","a3zQCfCrBCDZJ4uf2rk5u8","b7awickfJJ+KQ/3fJYqa6v@2209a","12Y9dMgWdJKJGmTiZyQR9H@fc873","f7wBGR9hBAgoMJkTsGsSPC","b7awickfJJ+KQ/3fJYqa6v@eb7e1","61CKXangFORotpYWPDJHCl","04/zZiqR9L6qQWcJk4fQQ4@6c48a","a46l1bSeBEvL4UeFnrFzyv@6c48a","b7awickfJJ+KQ/3fJYqa6v@87243","b7awickfJJ+KQ/3fJYqa6v@a62fe","b7awickfJJ+KQ/3fJYqa6v@438fe","b7awickfJJ+KQ/3fJYqa6v@caf80","b7awickfJJ+KQ/3fJYqa6v@6b67f","b7awickfJJ+KQ/3fJYqa6v@cea0e","9dIDUkDyhEK7J3Fs5iM2/e","b4D7K+o0tESLYRAMUAIHHb"],["targetInfo","node","_parent","root","_effectAsset","data","_mesh","value","asset","mainTexture","_skeleton","_defaultClip"],[["cc.Node",["_name","_objFlags","__editorExtras__","_prefab","_parent","_children","_lpos","_lrot","_euler","_components","_lscale"],0,4,1,2,5,5,5,9,5],["cc.Material",["_states","_defines","_name","_techIdx","_props"],-1,12],["cc.Prefab",["_name"],2],["cc.Node",["_name","_parent","_children","_prefab","_lpos","_lrot","_euler"],2,1,9,4,5,5,5],["d7f6dDdUTpObqFRfIBR3rBX",["node","__prefab"],3,1,4],["cc.CompPrefabInfo",["fileId"],2],["cc.PrefabInfo",["fileId","instance","targetOverrides","root","asset","nestedPrefabInstanceRoots"],0,1,1,2],["cc.PrefabInfo",["fileId","targetOverrides","nestedPrefabInstanceRoots","root","instance","asset"],0,1,4,6],["cc.PrefabInfo",["fileId","instance","targetOverrides","nestedPrefabInstanceRoots","root","asset"],-1,1,1],["cc.TargetInfo",["localID"],2],["cc.PrefabInstance",["fileId","prefabRootNode","propertyOverrides"],2,1,9],["CCPropertyOverrideInfo",["value","propertyPath","targetInfo"],1,1],["CCPropertyOverrideInfo",["propertyPath","targetInfo","value"],2,1,8],["CCPropertyOverrideInfo",["propertyPath","targetInfo","value"],2,1,6],["CCPropertyOverrideInfo",["propertyPath","targetInfo","value"],2,1,1],["cc.Mesh",["_native","_hash","_struct"],1,11],["cc.Skeleton",["_name","_hash","_joints","_bindposes"],0,12],["cc.SkeletalAnimation",["node","__prefab","_clips","_defaultClip"],3,1,4,3,6],["cc.SkinnedMeshRenderer",["node","__prefab","_materials","bakeSettings","_skinningRoot","_mesh","_skeleton"],3,1,4,3,4,1,6,6],["cc.ModelBakeSettings",[],3],["804584VyYVGU4R+hDxwGz1C",["node","__prefab"],3,1,4],["cc.MeshRenderer",["_name","node","__prefab","_materials","bakeSettings","_mesh"],2,1,4,3,4,6],["cc.Sorting",["_sortingOrder","node","__prefab"],2,1,4]],[[8,0,1,2,3,4,5,5],[0,0,4,5,3,6,7,8,2],[5,0,2],[12,0,1,2,2],[0,0,4,3,6,2],[11,0,1,2,3],[3,0,1,2,3,4,5,6,2],[9,0,2],[19,1],[2,0,2],[0,0,5,9,3,2],[0,1,2,4,3,3],[0,0,4,9,3,6,7,10,8,2],[3,0,1,2,3,4,2],[7,0,1,2,3,4,5,4],[10,0,1,2,2],[15,0,1,2,3],[1,2,0,1,4,4],[21,0,1,2,3,4,5,2],[2,1],[0,0,5,3,6,2],[0,0,4,9,3,2],[0,0,4,5,3,6,2],[0,0,4,3,2],[0,0,5,9,3,6,7,8,2],[0,0,4,5,3,7,8,2],[0,0,4,5,3,6,7,10,8,2],[4,0,1,1],[6,0,1,2,3,4,5,4],[13,0,1,2,2],[14,0,1,2,2],[1,2,3,0,1,4,5],[1,0,1,4,3],[16,0,1,2,3,4],[17,0,1,2,3,1],[18,0,1,2,3,4,5,6,1],[20,0,1,1],[22,0,1,2,2]],[[[[9,"Enemy3"],[10,"Enemy3",[-5,-6],[[27,-4,[2,"96RcPrTIFPP4gkgSfcTEOa"]]],[28,"1enzMJqKhZ8aQud1EtLfOd",null,null,-3,0,[-1,-2]]],[7,["6fGzx9Uw9D7qWRe9jwuLko"]],[11,0,{},1,[14,"62H+an2O9ZCo38867dY/u/",null,null,-16,[15,"eeFBOh2I9GWbhAWEx4cOW3",1,[[5,"Zombie",["_name"],-7],[3,["_lpos"],-8,[1,0,0,0]],[3,["_lrot"],-9,[3,0,0,0,1]],[3,["_euler"],-10,[1,0,0,0]],[29,["_materials","0"],-11,2],[30,["_skinningRoot"],-13,-12],[5,0,["_shadowReceivingMode"],-14],[5,1,["_shadowCastingMode"],-15]]],1]],[7,["62H+an2O9ZCo38867dY/u/"]],[7,["b0E3lwEqZbDrEREGBADU8i"]],[11,0,{},1,[14,"6fGzx9Uw9D7qWRe9jwuLko",null,null,-17,[15,"02GVCK/DBL27URmlGvNnfV",1,[[5,"HpBar",["_name"],2],[3,["_lpos"],2,[1,0,1.722,0]],[3,["_lrot"],2,[3,0,1,0,6.123233995736766e-17]],[3,["_euler"],2,[1,0,180,0]]]],0]]],0,[0,-1,3,0,-2,6,0,3,1,0,1,1,0,-1,6,0,-2,3,0,0,4,0,0,4,0,0,4,0,0,4,0,0,5,0,7,3,0,0,5,0,0,5,0,0,5,0,3,3,0,3,6,0,5,1,17],[0,0,0],[8,8,7],[4,5,6]],[[[16,".bin",3476720256,[{"primitives":[{"primitiveMode":7,"vertexBundelIndices":[0],"indexView":{"offset":224,"length":12,"count":6,"stride":2}}],"vertexBundles":[{"view":{"offset":0,"length":224,"count":4,"stride":56},"attributes":[{"name":"a_position","format":32,"isNormalized":false},{"name":"a_normal","format":32,"isNormalized":false},{"name":"a_texCoord","format":21,"isNormalized":false},{"name":"a_tangent","format":44,"isNormalized":false},{"name":"a_texCoord1","format":21,"isNormalized":false}]}]},"minPosition",8,[1,-0.5,-0.5,0],"maxPosition",8,[1,0.5,0.5,0]]],-1],0,0,[],[],[]],[[[17,"zombie_yellow",[{"rasterizerState":{},"depthStencilState":{},"blendState":{"targets":[{}]}},{"rasterizerState":{},"depthStencilState":{},"blendState":{"targets":[{}]}},{"rasterizerState":{},"depthStencilState":{},"blendState":{"targets":[{}]}},{"rasterizerState":{},"depthStencilState":{},"blendState":{"targets":[{}]}},{"rasterizerState":{},"depthStencilState":{},"blendState":{"targets":[{}]}},{"rasterizerState":{},"depthStencilState":{},"blendState":{"targets":[{}]}}],[{},{},{},{},{},{}],[[[{"roughness":0.729},"mainColor",8,[4,4279556587]],{},{},{},{},{}],11,0,0,0,0,0]]],0,0,[0],[4],[0]],[[[17,"hpbar_bg",[{"rasterizerState":{},"depthStencilState":{},"blendState":{"targets":[{}]}},{"rasterizerState":{},"depthStencilState":{},"blendState":{"targets":[{}]}},{"rasterizerState":{},"depthStencilState":{},"blendState":{"targets":[{}]}}],[{"USE_TEXTURE":true},{},{}],[[[{},"mainColor",8,[4,4279176975],"mainTexture",6,0],{},{}],11,0,0]]],0,0,[0,0],[9,4],[7,1]],[[[31,"hpbar",1,[{"rasterizerState":{"cullMode":0},"depthStencilState":{},"blendState":{"targets":[{}]}},{"rasterizerState":{},"depthStencilState":{},"blendState":{"targets":[{}]}},{"rasterizerState":{},"depthStencilState":{},"blendState":{"targets":[{}]}}],[{"USE_TEXTURE":true},{},{}],[[[{},"mainColor",8,[4,4278845695],"mainTexture",6,0],{},{}],11,0,0]]],0,0,[0,0],[9,4],[8,1]],[[[33,"Skin-0",3849568384,["mixamorig:Hips/mixamorig:RightUpLeg","mixamorig:Hips","mixamorig:Hips/mixamorig:LeftUpLeg","mixamorig:Hips/mixamorig:Spine/mixamorig:Spine1/mixamorig:Spine2/mixamorig:RightShoulder","mixamorig:Hips/mixamorig:Spine/mixamorig:Spine1/mixamorig:Spine2/mixamorig:RightShoulder/mixamorig:RightArm","mixamorig:Hips/mixamorig:Spine/mixamorig:Spine1/mixamorig:Spine2","mixamorig:Hips/mixamorig:Spine/mixamorig:Spine1/mixamorig:Spine2/mixamorig:LeftShoulder","mixamorig:Hips/mixamorig:Spine/mixamorig:Spine1/mixamorig:Spine2/mixamorig:LeftShoulder/mixamorig:LeftArm","mixamorig:Hips/mixamorig:Spine/mixamorig:Spine1/mixamorig:Spine2/mixamorig:Neck","mixamorig:Hips/mixamorig:Spine","mixamorig:Hips/mixamorig:Spine/mixamorig:Spine1","mixamorig:Hips/mixamorig:Spine/mixamorig:Spine1/mixamorig:Spine2/mixamorig:LeftShoulder/mixamorig:LeftArm/mixamorig:LeftForeArm/mixamorig:LeftHand","mixamorig:Hips/mixamorig:Spine/mixamorig:Spine1/mixamorig:Spine2/mixamorig:RightShoulder/mixamorig:RightArm/mixamorig:RightForeArm/mixamorig:RightHand","mixamorig:Hips/mixamorig:LeftUpLeg/mixamorig:LeftLeg/mixamorig:LeftFoot","mixamorig:Hips/mixamorig:LeftUpLeg/mixamorig:LeftLeg/mixamorig:LeftFoot/mixamorig:LeftToeBase","mixamorig:Hips/mixamorig:LeftUpLeg/mixamorig:LeftLeg","mixamorig:Hips/mixamorig:RightUpLeg/mixamorig:RightLeg","mixamorig:Hips/mixamorig:RightUpLeg/mixamorig:RightLeg/mixamorig:RightFoot","mixamorig:Hips/mixamorig:RightUpLeg/mixamorig:RightLeg/mixamorig:RightFoot/mixamorig:RightToeBase","mixamorig:Hips/mixamorig:Spine/mixamorig:Spine1/mixamorig:Spine2/mixamorig:RightShoulder/mixamorig:RightArm/mixamorig:RightForeArm","mixamorig:Hips/mixamorig:Spine/mixamorig:Spine1/mixamorig:Spine2/mixamorig:LeftShoulder/mixamorig:LeftArm/mixamorig:LeftForeArm","mixamorig:Hips/mixamorig:Spine/mixamorig:Spine1/mixamorig:Spine2/mixamorig:Neck/mixamorig:Head"],[[[7,-0.998684287071228,-0.05128085985779762,-1.3065367364395453e-11,0,0.05127902701497078,-0.9986485838890076,-0.008455652743577957,0,0.00043361313873901963,-0.008444528095424175,0.9999642372131348,0,-0.19457383453845978,0.721062421798706,0.005155379883944988,1],[7,1,-6.391471553401917e-13,-3.851859888774472e-34,0,6.391471553401917e-13,1,2.220446049250313e-14,0,-1.419191737446106e-26,-2.220446049250313e-14,1,0,8.220696259136906e-13,-0.7798828482627869,-0.0020426353439688683,1],[7,-0.998684287071228,0.051282405853271484,-2.1690184370815047e-10,0,-0.05128210410475731,-0.9986785650253296,0.0033974156249314547,0,0.00017422741802874953,0.0033929459750652313,0.999994158744812,0,0.19457599520683289,0.7210820317268372,-0.0005230383248999715,1],[7,-0.001660334412008524,-0.9610738754272461,0.27628618478775024,0,0.004650003742426634,-0.27629101276397705,-0.9610626697540283,0,0.9999879002571106,-0.0003109535900875926,0.004927732050418854,0,-0.005682652350515127,0.24736438691616058,1.1785800457000732,1],[7,-0.007614762522280216,-0.9997084736824036,-0.022914396598935127,0,0.00293811596930027,0.02289259433746338,-0.999733567237854,0,0.9999667406082153,-0.007680058944970369,0.0027629374526441097,0,-0.005296400748193264,-0.2919847369194031,1.1435401439666748,1],[7,1,2.16842631695603e-19,2.3422013916653696e-23,0,-2.168404344971009e-19,0.99998939037323,0.004606662783771753,0,9.754990845090614e-22,-0.004606662783771753,0.99998939037323,0,1.144403717840206e-13,-1.0932081937789917,-0.005635270848870277,1],[7,-0.0010118234204128385,0.9610738158226013,-0.2762896418571472,0,-0.004645052831619978,-0.27629128098487854,-0.9610627293586731,0,-0.9999887347221375,0.0003109541430603713,0.004743797238916159,0,0.005677239503711462,0.2473648339509964,1.1785802841186523,1],[7,-0.003039505798369646,0.9997329115867615,0.022905465215444565,0,-0.004062121734023094,0.022893035784363747,-0.9997296929359436,0,-0.9999873638153076,-0.003131727920845151,0.003991452977061272,0,0.00554573442786932,-0.2919907569885254,1.1435377597808838,1],[7,1,-3.2291929117242584e-20,-2.795209739624838e-28,0,3.2291929117242584e-20,1,2.220446049250313e-14,0,2.7952025173875466e-28,-2.220446049250313e-14,1,0,1.144400058657874e-13,-1.227510929107666,0.000019458355382084846,1],[7,1,2.16842631695603e-19,2.3422226909098106e-23,0,-2.168404344971009e-19,0.99998939037323,0.004606663715094328,0,9.754990845090614e-22,-0.004606663715094328,0.99998939037323,0,1.1444035823149346e-13,-0.8693917989730835,-0.005635272245854139,1],[7,1,2.16842631695603e-19,2.3422118046293185e-23,0,-2.168404344971009e-19,0.99998939037323,0.004606662783771753,0,9.754989835348656e-22,-0.004606662783771753,0.99998939037323,0,1.144403717840206e-13,-0.973839282989502,-0.005635270848870277,1],[7,0.004174369387328625,0.9999640583992004,0.007349507417529821,0,-0.003896825248375535,0.007365780882537365,-0.999965250492096,0,-0.999983549118042,0.004145584534853697,0.003927433863282204,0,0.0018069748766720295,-0.7042706608772278,1.15146005153656,1],[7,0.008768374100327492,-0.9999344944953918,-0.007342591881752014,0,0.002562579931691289,0.007365318015217781,-0.9999697804450989,0,0.9999583959579468,0.008749289438128471,0.0026269941590726376,0,0.0031946899835020304,-0.7042481899261475,1.1514708995819092,1],[7,-0.9964084625244141,0.06421003490686417,-0.05520252883434296,0,-0.054281312972307205,0.016005296260118484,0.9983975291252136,0,0.06499066948890686,0.997808039188385,-0.012462408281862736,0,0.19531375169754028,-0.011602249927818775,-0.006080956663936377,1],[7,-0.9974110722541809,0.04607421159744263,-0.0552128329873085,0,-0.05456329509615898,0.015239248052239418,0.9983940124511719,0,0.04684162884950638,0.9988216757774353,-0.012685834430158138,0,0.19649311900138855,-0.06309418380260468,-0.006066842004656792,1],[7,-0.9985244274139404,0.05430685728788376,0.00025889783864840865,0,-0.054307159036397934,-0.9985235333442688,-0.0013628217857331038,0,0.00018450502830091864,-0.0013748708879575133,0.9999989867210388,0,0.19564956426620483,0.3540933430194855,0.0011650265660136938,1],[7,-0.9985239505767822,-0.05430595949292183,0.0007733828970231116,0,0.05430953577160835,-0.9985072612762451,0.005763459950685501,0,0.0004592383047565818,0.005796954035758972,0.999983012676239,0,-0.19564928114414215,0.35410064458847046,0.00011307083332212642,1],[7,-0.9966270327568054,-0.06118830293416977,0.054683052003383636,0,0.05384416505694389,0.015277053229510784,0.9984323382377625,0,-0.06192777305841446,0.9980093836784363,-0.011930890381336212,0,-0.1952752023935318,-0.012131298892199993,-0.006168668624013662,1],[7,-0.9974945187568665,-0.044855646789073944,0.05470404401421547,0,0.05408680438995361,0.014861423522233963,0.9984256625175476,0,-0.04559801146388054,0.9988827705383301,-0.01239809300750494,0,-0.1963922530412674,-0.06670074909925461,-0.006137472577393055,1],[7,0.008768374100327492,-0.9999346137046814,-0.0073425923474133015,0,0.002562579931691289,0.00736531987786293,-0.9999697208404541,0,0.9999583959579468,0.008749290369451046,0.0026269941590726376,0,0.0031946897506713867,-0.5002653002738953,1.15147066116333,1],[7,0.004174369387328625,0.99996417760849,0.007349507883191109,0,-0.0038968254812061787,0.007365782279521227,-0.999965250492096,0,-0.9999836683273315,0.004145584534853697,0.003927433863282204,0,0.001806976506486535,-0.5002939105033875,1.1514602899551392,1],[7,1,-3.2291929117242584e-20,-2.795209739624838e-28,0,3.2291929117242584e-20,1,2.220446049250313e-14,0,2.7952025173875466e-28,-2.220446049250313e-14,1,0,1.144400058657874e-13,-1.2930325269699097,-0.00040929648093879223,1]],8,8,8,8,8,8,8,8,8,8,8,8,8,8,8,8,8,8,8,8,8,8]]],0,0,[],[],[]],[[[32,[{"rasterizerState":{},"depthStencilState":{},"blendState":{"targets":[{}]}},{"rasterizerState":{},"depthStencilState":{},"blendState":{"targets":[{}]}},{"rasterizerState":{},"depthStencilState":{},"blendState":{"targets":[{}]}},{"rasterizerState":{},"depthStencilState":{},"blendState":{"targets":[{}]}},{"rasterizerState":{},"depthStencilState":{},"blendState":{"targets":[{}]}},{"rasterizerState":{},"depthStencilState":{},"blendState":{"targets":[{}]}}],[{},{},{},{},{},{}],[[[{"roughness":0.781},"mainColor",8,[4,4283601664]],{},{},{},{},{}],11,0,0,0,0,0]]],0,0,[0],[4],[0]],[[[16,".bin",278053843,[{"primitives":[{"primitiveMode":7,"jointMapIndex":0,"vertexBundelIndices":[0],"indexView":{"offset":43560,"length":6552,"count":3276,"stride":2}}],"vertexBundles":[{"view":{"offset":0,"length":43560,"count":605,"stride":72},"attributes":[{"name":"a_position","format":32,"isNormalized":false},{"name":"a_normal","format":32,"isNormalized":false},{"name":"a_texCoord","format":21,"isNormalized":false},{"name":"a_tangent","format":44,"isNormalized":false},{"name":"a_joints","format":42,"isNormalized":false},{"name":"a_weights","format":44,"isNormalized":false}]}],"jointMaps":[[0,1,2,3,4,5,6,7,8,9,10,11,12,13,14,15,16,17,18,19,20,21]]},"minPosition",8,[1,-0.8103622198104858,-0.014354324899613857,-0.23567819595336914],"maxPosition",8,[1,0.8068392872810364,1.737365484237671,0.23712755739688873]]],-1],0,0,[],[],[]],[[[19],[10,"Zombie",[-3,-4],[[34,-2,[2,"cbpeRlnFhS0rOIFjCITBPm"],[3,4,5,6],7]],[0,"62H+an2O9ZCo38867dY/u/",null,null,null,-1,0]],[1,"mixamorig:Hips",1,[-5,-6,-7],[0,"f5j9Pn5BNWHJV9g9OCiPRa",null,null,null,1,0],[1,-0.000001532235160084383,0.7792933583259583,-0.004899632651358843],[3,1.5055488231967413e-7,0.0000010612025106197315,0.000015919442373862684,0.9999999998727114],[1,0.000017250382809155834,0.00012160457553335052,0.0018242337388323206]],[20,"mixamorig:Spine2",[-8,-9,-10],[0,"ebElxlJP1c0Ztt7l7d7UUU",null,null,null,1,0],[1,0,0.1193687915802002,-2.2204459996194763e-18]],[21,"Character_Man",1,[[35,-11,[2,"b0E3lwEqZbDrEREGBADU8i"],[0],[8],1,1,2]],[0,"72u/M23nJZ3p1GdAvWUEmB",null,null,null,1,0]],[1,"mixamorig:Spine",2,[-12],[0,"cd5r1uUYFQi6iM1xpbrojO",null,null,null,1,0],[1,0,0.08952560275793076,-0.0004124185361433774],[3,-0.0023032725537856817,-0.0000010245404685369741,-0.000015921845731319082,0.9999973473369757],[1,-0.26393582813641125,-0.0001216057199959243,-0.0018242338727303424]],[22,"mixamorig:Spine1",5,[3],[0,"47hMGTTp9ZFrqMz9lhNLg0",null,null,null,1,0],[1,0,0.10444758832454681,5.551114999048691e-19]],[1,"mixamorig:Neck",3,[-13],[0,"f0HO4mCA9bjrcTbscAOgOY",null,null,null,1,0],[1,-5.421010741258487e-22,0.13428983092308044,9.030347997152077e-11],[3,0.0023033377463151285,-4.2109099027397696e-14,-2.2747134166959785e-13,0.9999973473140947],[1,0.2639432967003253,-4.765295023869433e-12,-2.6077340934588133e-11]],[13,"mixamorig:Head",7,[[4,"mixamorig:HeadTop_End",-14,[0,"2cjJkaQw9YabDObop/+lhG",null,null,null,1,0],[1,0,0.4439079165458679,0.002904802793636918]]],[0,"7fFbogSINfNpZyCOHxCCn5",null,null,null,1,0],[1,-5.421010741258487e-22,0.06552162021398544,0.0004287543415557593]],[1,"mixamorig:LeftShoulder",3,[-15],[0,"068Vq1oF5bEoI4rg8dnDRG",null,null,null,1,0],[1,0.08789937943220139,0.10783955454826355,-0.0000930790338316001],[3,-0.5652459730358538,-0.424660702752197,0.5658412446095887,-0.4242451689806646],[1,106.22193058262444,90.05878852406444,-0.0020239503065700966]],[1,"mixamorig:LeftArm",9,[-16],[0,"f2m9TjWFlbg4JRJM2B/pKc",null,null,null,1,0],[1,0,0.18503987789154053,-2.8421708795129297e-16],[3,-0.14104690837508704,0.0003886446853350261,0.0004626395428289192,0.9900027295708793],[1,-16.216885454988002,0.05156773520867464,0.04620300978997839]],[1,"mixamorig:LeftForeArm",10,[-17],[0,"9d1U8VjiJdHYDdrHdRIyJ+",null,null,null,1,0],[1,5.551114999048691e-19,0.22612977027893066,1.4210854397564648e-16],[3,2.715758283859748e-7,0.000027957245027195487,3.260537936147235e-7,0.9999999996091062],[1,0.00003111925298951797,0.003203664284013656,0.000037363882559888616]],[13,"mixamorig:LeftHand",11,[[23,"WeaponWrapper",-18,[0,"58oXPq+ZBeDbCShDc2Ny1n",null,null,null,1,0]]],[0,"cdf0zzB3pRWoY+x5E3m7RS",null,null,null,1,0],[1,-5.551114999048691e-19,0.20397692918777466,1.4210854397564648e-16]],[1,"mixamorig:RightShoulder",3,[-19],[0,"62XOM2TUZT15Uk+pHKeS5M",null,null,null,1,0],[1,-0.08789937943220139,0.10783982276916504,-0.0001506171392975375],[3,0.5650709158398515,-0.4247853372956901,0.566034186484798,0.42409618840658225],[1,106.2243790477436,-90.09594561506252,0.0021888609258533223]],[1,"mixamorig:RightArm",13,[-20],[0,"846BJkPhxWQpjbfiiCGGTb",null,null,null,1,0],[1,2.2204459996194763e-18,0.18503987789154053,1.4210854397564648e-16],[3,-0.14104572226895948,-0.001035641434356683,-0.0006986105724583004,0.9900022947547722],[1,-16.21680738865805,-0.12878086392705423,-0.06251581280471015]],[6,"mixamorig:RightForeArm",14,[[4,"mixamorig:RightHand",-21,[0,"163UIN0rdWIY193EORugei",null,null,null,1,0],[1,-5.551114999048691e-19,0.20398299396038055,-1.4210854397564648e-16]]],[0,"571DxvxWNa4qOwGjJFBCRe",null,null,null,1,0],[1,2.2204459996194763e-18,0.22613534331321716,0],[3,-5.860334214869802e-7,-0.00006375418875679073,-5.244656893663745e-7,0.9999999979673926],[1,-0.00006715831485791442,-0.0073056919242601255,-0.00006009505949846652]],[1,"mixamorig:LeftUpLeg",2,[-22],[0,"bfuJ3/MXJSGJN924dU1JxP",null,null,null,1,0],[1,0.1573411524295807,-0.04977371171116829,-0.004000088665634394],[3,0.0000769638479094546,0.017440363289677036,0.9998476232915117,0.0007469961216215401],[1,-178.00138517042654,-179.99267481383808,0.08574025246888706]],[1,"mixamorig:LeftLeg",16,[-23],[0,"12oYwYFLBQ+4fWMGhgS4h7",null,null,null,1,0],[1,-1.776356799695581e-17,0.3663961589336395,-2.2204459996194763e-18],[3,-0.061617196958550766,-0.00006735676436200502,0.0015214636557307922,0.9980986933416864],[1,-7.065299083097694,0.003038939524681722,0.1744912684915917]],[1,"mixamorig:LeftFoot",17,[-24],[0,"9969aYaqFSR7g4+NGpNYBe",null,null,null,1,0],[1,0,0.34785205125808716,-1.3322675997716858e-17],[3,0.7418009214996788,-0.005822159950778641,0.04139631337688219,0.6693159497236993],[1,95.97407478056103,-3.972933508279944,2.681083437979307]],[6,"mixamorig:LeftToeBase",18,[[4,"mixamorig:LeftToe_End",-25,[0,"0e5WsdbbZaWb8F5etO7BeA",null,null,null,1,0],[1,0,0.05282839760184288,-1.1102229998097382e-18]]],[0,"52URZCn7lahJqbnZ127hre",null,null,null,1,0],[1,-1.776356799695581e-17,0.055052030831575394,0],[3,0.00011190045802910149,-0.000001012273163497114,-0.009089445603412578,0.9999586838744315],[1,0.012823382785844667,5.595039142582767e-7,-1.0415880914981026]],[1,"mixamorig:RightUpLeg",2,[-26],[0,"81C/pULltTVpf+7ZvjWXij",null,null,null,1,0],[1,-0.1573411524295807,-0.04977371171116829,-0.0010244316654279828],[3,0.00023461718074279782,0.014738973133148783,0.9998910957352347,-0.0007101374165929115],[1,-178.31095661835772,-179.97191835517853,-0.08097065899363516]],[1,"mixamorig:RightLeg",20,[-27],[0,"41GT6EMZpR/oOizuKXqe6G",null,null,null,1,0],[1,-1.776356799695581e-17,0.3664071261882782,4.440891999238953e-18],[3,-0.06036676948450052,0.00006326129483676364,-0.0014813908178741694,0.9981751622943031],[1,-6.921742627253095,-0.0030115853823022678,-0.16988296856463397]],[1,"mixamorig:RightFoot",21,[-28],[0,"c3ukP+wLhfL5hTLSPdZWT8",null,null,null,1,0],[1,0,0.3478575348854065,8.881783998477905e-18],[3,0.7425864372476713,0.005132928513865137,-0.04042206722907456,0.6685096055716852],[1,96.09928527301463,3.839902262565855,-2.660729109396236]],[6,"mixamorig:RightToeBase",22,[[4,"mixamorig:RightToe_End",-29,[0,"71FeTaFFhb3o+yk2Ee0Swd",null,null,null,1,0],[1,-3.552713599391162e-17,0.0542619563639164,0]]],[0,"e5dNOJSu9VHJky6FS+Gwpa",null,null,null,1,0],[1,-1.776356799695581e-17,0.057769473642110825,-2.2204459996194763e-18],[3,0.00023380947259082284,0.000001915498795995475,0.008177338902061269,0.9999665376691073],[1,0.026793484787646836,4.0059726031045456e-7,0.9370644827866419]]],0,[0,3,1,0,1,1,0,-1,4,0,-2,2,0,-1,5,0,-2,16,0,-3,20,0,-1,7,0,-2,9,0,-3,13,0,1,4,0,-1,6,0,-1,8,0,2,8,0,-1,10,0,-1,11,0,-1,12,0,2,12,0,-1,14,0,-1,15,0,2,15,0,-1,17,0,-1,18,0,-1,19,0,2,19,0,-1,21,0,-1,22,0,-1,23,0,2,23,0,5,1,3,2,6,29],[0,0,0,0,0,0,0,0],[-1,6,10,-1,-2,-3,-4,11],[9,10,11,2,12,13,14,2]],[[[9,"HpBar"],[24,"HpBar",[-3],[[36,-2,[2,"0596n8RfhPBaghxC1GcRzK"]]],[0,"6fGzx9Uw9D7qWRe9jwuLko",null,null,null,-1,0],[1,0,1.722,0],[3,0,1,0,6.123233995736766e-17],[1,0,180,0]],[25,"root",1,[-4,-5],[0,"49Wic2SYRFyJhEfCyxAwma",null,null,null,1,0],[3,-0.7071067811865475,0,0,0.7071067811865476],[1,-90,0,0]],[12,"background",2,[[18,"Quad<ModelComponent>",-6,[2,"caviN8VWVM6ajbhC7U8tfu"],[0],[8],1],[37,2,-7,[2,"14b+/JmEROJZ1kqbtHYZGW"]]],[0,"a01GQpblNE/YzAC+YBGQX6",null,null,null,1,0],[1,0,0.002,0],[3,-0.7071067811865475,0,0,0.7071067811865476],[1,0.744,0.15300000000000002,1.0000000000000002],[1,-89.99999999999999,0,0]],[26,"progress",2,[-8],[0,"b0rOJdOLNAZ4BwYJVmnb51",null,null,null,1,0],[1,0.368,0,-0.008],[3,0,0.7071067811865475,0,0.7071067811865476],[1,0.117,1,1],[1,0,90,0]],[12,"r",4,[[18,"Quad<ModelComponent>",-9,[2,"delljc1utOmZ82Z5W1BCJh"],[2],[8],3]],[0,"13Fh5B8nVNgoTOMnNVkYhF",null,null,null,1,0],[1,-0.085,0.013,-0.365],[3,-0.7071067811865475,0,0,0.7071067811865476],[1,1.148,0.712,1],[1,-89.99999999999999,0,0]]],0,[0,3,1,0,1,1,0,-1,2,0,-1,3,0,-2,4,0,1,3,0,1,3,0,-1,5,0,1,5,0,5,1,9],[0,0,0,0],[-1,6,-1,6],[15,3,16,3]]]]
